,,0,1,2,3,4,5,6,7,8,9,10,11,12,13,14,15,16,17,18,19,20,21,22,23,24,25,26,27,28,29,30,31,32,33,34,35,36,37,38,39,40,41,42,43,44,45,46,47,48,49,50,51,52,53,54,55,56,57,58,59,60,61,62,63,64,65,66,67,68,69,70,71,72,73,74,75,76,77,78,79,80,81,82,83,84,85,86,87,88,89,90,91,92,93,94,95,96,97,98,99,100,101,102,103,104,105,106,107,108,109,110,111,112,113,114,115,116,117,118,119,120,121,122,123,124,125,126,127,128,129,130,131,132,133,134,135,136,137,138,139,140,141,142,143,144,145,146,147,148,149,150,151,152,153,154,155,156,157,158,159,160,161,162,163,164,165,166,167,168,169,170,171,172,173,174,175,176,177,178,179,180,181,182,183,184,185,186,187,188,189,190,191,192,193,194,195,196,197,198,199,200,201,202,203,204,205,206,207,208,209,210,211,212,213,214,215,216,217,218,219,220,221,222,223,224,225,226,227,228,229,230,231,232,233,234,235,236,237,238,239,240,241,242,243,244,245,246,247,248,249,250,251,252,253,254,255,256,257,258,259,260,261,262,263,264,265,266,267,268,269,270,271,272,273,274,275,276,277,278,279,280,281,282,283,284,285,286,287,288,289,290,291,292,293,294,295,296,297,298,299,300,301,302,303,304,305,306,307,308,309,310,311,312,313,314,315,316,317,318,319,320,321,322,323,324,325,326,327,328,329,330,331,332,333,334,335,336,337,338,339,340,341,342,343,344,345,346,347,348,349,350,351,352,353,354,355,356,357,358,359,360,361,362,363,364,365,366,367,368,369,370,371,372,373,374,375,376,377,378,379,380,381,382,383,384,385,386,387,388,389,390,391,392,393,394,395,396,397,398,399,400,401,402,403,404,405,406,407,408,409,410,411,412,413,414,415,416,417,418,419,420,421,422,423,424,425,426,427,428,429,430,431,432,433,434,435,436,437,438,439,440,441,442,443,444,445,446,447,448,449,450,451,452,453,454,455,456,457,458,459,460,461,462,463,464,465,466,467,468,469,470,471,472,473,474,475,476,477,478,479,480,481,482,483,484,485,486,487,488,489,490,491,492,493,494,495,496,497,498,499,500,501,502,503,504,505,506,507,508,509,510,511,512,513,514,515,516,517,518,519,520,521,522,523,524,525,526,527,528,529,530,531,532,533,534,535,536,537,538,539,540,541,542,543,544,545,546,547,548,549,550,551,552,553,554,555,556,557,558,559,560,561,562,563,564,565,566,567,568,569,570,571,572,573,574,575,576,577,578,579,580,581,582,583,584,585,586,587,588,589,590,591,592,593,594,595,596,597,598,599,600,601,602,603,604,605,606,607,608,609,610,611,612,613,614,615,616,617,618,619,620,621,622,623,624,625,626,627,628,629,630,631,632,633,634,635,636,637,638,639,640,641,642,643,644,645,646,647,648,649,650,651,652,653,654,655,656,657,658,659,660,661,662,663,664,665,666,667,668,669,670,671,672,673,674,675,676,677,678,679,680,681,682,683,684,685,686,687,688,689,690,691,692,693,694,695,696,697,698,699,700,701,702,703,704,705,706,707,708,709,710,711,712,713,714,715,716,717,718,719,720,721,722,723,724,725,726,727,728,729,730,731,732,733,734,735,736,737,738,739,740,741,742,743,744,745,746,747,748,749,750,751,752,753,754,755,756,757,758,759,760,761,762,763,764,765,766,767,768,769,770,771,772,773,774,775,776,777,778,779,780,781,782,783,784,785,786,787,788,789,790,791,792,793,794,795,796,797,798,799,800,801,802,803,804,805,806,807,808,809,810,811,812,813,814,815,816,817,818,819,820,821,822,823,824,825,826,827,828,829,830,831,832,833,834,835,836,837,838,839,840,841,842,843,844,845,846,847,848,849,850,851,852,853,854,855,856,857,858,859,860,861,862,863,864,865,866,867,868,869,870,871,872,873,874,875,876,877,878,879,880,881,882,883,884,885,886,887,888,889,890,891,892,893,894,895,896,897,898,899,900,901,902,903,904,905,906,907,908,909,910,911,912,913,914,915,916,917,918,919,920,921,922,923,924,925,926,927,928,929,930,931,932,933,934,935,936,937,938,939,940,941,942,943,944,945,946,947,948,949,950,951,952,953,954,955,956,957,958,959,960,961,962,963,964,965,966,967,968,969,970,971,972,973,974,975,976,977,978,979,980,981,982,983,984,985,986,987,988,989,990,991,992,993,994,995,996,997,998,999,1000
ep_max_height,value,0.06703802943229675,0.06240111589431763,0.0773477852344513,0.07241151481866837,0.10405261814594269,0.08035444468259811,0.08859240263700485,0.06266722083091736,0.06902507692575455,0.10815513134002686,0.07028768211603165,0.08374989777803421,0.0732269361615181,0.0908220186829567,0.05455304682254791,0.09791093319654465,0.07937150448560715,0.07172758877277374,0.07976436614990234,0.09862657636404037,0.09169738739728928,0.06636624783277512,0.07042542099952698,0.06216028705239296,0.06764382123947144,0.08141110092401505,0.08059196919202805,0.0685635656118393,0.07277131080627441,0.06067465990781784,0.09824863076210022,0.09232250601053238,0.06319096684455872,0.06705407798290253,0.06611228734254837,0.08006954193115234,0.07137990742921829,0.08424203842878342,0.0741705372929573,0.08346399664878845,0.07676038891077042,0.09316964447498322,0.06993477791547775,0.08282766491174698,0.07953038066625595,0.06428953260183334,0.09712524712085724,0.08265827596187592,0.08403297513723373,0.08764752745628357,0.08579754084348679,0.06972349435091019,0.06583212316036224,0.07898440212011337,0.08073152601718903,0.08136604726314545,0.09199237078428268,0.06865499168634415,0.09288156032562256,0.0698334351181984,0.08404181897640228,0.06525883823633194,0.06876680999994278,0.09638543426990509,0.08907241374254227,0.08284619450569153,0.09034978598356247,0.07959546893835068,0.07678408920764923,0.08712413161993027,0.1000816747546196,0.08292017877101898,0.06761874258518219,0.09697961807250977,0.08112779259681702,0.09418623894453049,0.06461058557033539,0.07066401094198227,0.07485443353652954,0.08317674696445465,0.06815192848443985,0.06559635698795319,0.0959969088435173,0.09001347422599792,0.07524625957012177,0.06026727333664894,0.06410204619169235,0.07595609873533249,0.06740768998861313,0.06840793788433075,0.06490794569253922,0.09980522841215134,0.08089637756347656,0.06344269216060638,0.07704829424619675,0.07212234288454056,0.07901570200920105,0.07449059188365936,0.06984084099531174,0.0798087939620018,0.07967950403690338,0.07967950403690338,0.07928278297185898,0.07928278297185898,0.0789647176861763,0.0789647176861763,0.07893656194210052,0.07893656194210052,0.07884689420461655,0.07884689420461655,0.07867345958948135,0.07867345958948135,0.07865667343139648,0.07865667343139648,0.07861886918544769,0.07861886918544769,0.07846926152706146,0.07846926152706146,0.07854132354259491,0.07854132354259491,0.07856631278991699,0.07856631278991699,0.078571617603302,0.078571617603302,0.07872949540615082,0.07872949540615082,0.0789615735411644,0.0789615735411644,0.07926665246486664,0.07926665246486664,0.07962045818567276,0.07962045818567276,0.07991930842399597,0.07991930842399597,0.08050890266895294,0.08050890266895294,0.08092490583658218,0.08092490583658218,0.08146224915981293,0.08146224915981293,0.08200685679912567,0.08200685679912567,0.0824829488992691,0.0824829488992691,0.08315696567296982,0.08315696567296982,0.08381655067205429,0.08381655067205429,0.08445251733064651,0.08445251733064651,0.08498264104127884,0.08498264104127884,0.08559557795524597,0.08559557795524597,0.08633168041706085,0.08633168041706085,0.08686573058366776,0.08686573058366776,0.08744076639413834,0.08744076639413834,0.08809848874807358,0.08809848874807358,0.08855649828910828,0.08855649828910828,0.08911743760108948,0.08911743760108948,0.08952515572309494,0.08952515572309494,0.08998747915029526,0.08998747915029526,0.09029532223939896,0.09029532223939896,0.09064376354217529,0.09064376354217529,0.0909121036529541,0.0909121036529541,0.091056689620018,0.091056689620018,0.09115704894065857,0.09115704894065857,0.09122075885534286,0.09122075885534286,0.09128494560718536,0.09128494560718536,0.09131690114736557,0.09131690114736557,0.09138607233762741,0.09138607233762741,0.09139809757471085,0.09139809757471085,0.09134906530380249,0.09134906530380249,0.09134861081838608,0.09134861081838608,0.0913466289639473,0.0913466289639473,0.09134408086538315,0.09134408086538315,0.09134134650230408,0.09134134650230408,0.09133875370025635,0.09133875370025635,0.0913364440202713,0.0913364440202713,0.09133455157279968,0.09133455157279968,0.09133300930261612,0.09133300930261612,0.09133176505565643,0.09133176505565643,0.09133077412843704,0.09133077412843704,0.09132999181747437,0.09132999181747437,0.09132935851812363,0.09132935851812363,0.09132885932922363,0.09132885932922363,0.0913284420967102,0.0913284420967102,0.09132809191942215,0.09132809191942215,0.09132780134677887,0.09132780134677887,0.09132754802703857,0.09132754802703857,0.09132733196020126,0.09132733196020126,0.09132715314626694,0.09132715314626694,0.0913269966840744,0.0913269966840744,0.09132689237594604,0.09132689237594604,0.09132681787014008,0.09132681787014008,0.09132678806781769,0.09132678806781769,0.09132678806781769,0.09132678806781769,0.09132681041955948,0.09132681041955948,0.09132684767246246,0.09132684767246246,0.09132689982652664,0.09132689982652664,0.09132695943117142,0.09132695943117142,0.09132701903581619,0.09132701903581619,0.09132708609104156,0.09132708609104156,0.09132715314626694,0.09132715314626694,0.0913272276520729,0.0913272276520729,0.09132730215787888,0.09132730215787888,0.09132738411426544,0.09132738411426544,0.0913274735212326,0.0913274735212326,0.09132756292819977,0.09132756292819977,0.09132766723632812,0.09132766723632812,0.09132777154445648,0.09132777154445648,0.09132789075374603,0.09132789075374603,0.09132800251245499,0.09132800251245499,0.09132812917232513,0.09132812917232513,0.09132824838161469,0.09132824838161469,0.09132837504148483,0.09132837504148483,0.09132849425077438,0.09132849425077438,0.09132862836122513,0.09132862836122513,0.09132875502109528,0.09132875502109528,0.09132888913154602,0.09132888913154602,0.09132903069257736,0.09132903069257736,0.0913291797041893,0.0913291797041893,0.09132932871580124,0.09132932871580124,0.09132950007915497,0.09132950007915497,0.0913296714425087,0.0913296714425087,0.09132985770702362,0.09132985770702362,0.09133005142211914,0.09133005142211914,0.09133024513721466,0.09133024513721466,0.09133045375347137,0.09133045375347137,0.09133066982030869,0.09133066982030869,0.09133089333772659,0.09133089333772659,0.0913311243057251,0.0913311243057251,0.0913313552737236,0.0913313552737236,0.0913316011428833,0.0913316011428833,0.091331847012043,0.091331847012043,0.09133210778236389,0.09133210778236389,0.09133238345384598,0.09133238345384598,0.09133266657590866,0.09133266657590866,0.09133297204971313,0.09133297204971313,0.0913332924246788,0.0913332924246788,0.09133362770080566,0.09133362770080566,0.09133396297693253,0.09133396297693253,0.09133432060480118,0.09133432060480118,0.09133468568325043,0.09133468568325043,0.09133505821228027,0.09133505821228027,0.09133543819189072,0.09133543819189072,0.09133582562208176,0.09133582562208176,0.09133622795343399,0.09133622795343399,0.09133664518594742,0.09133664518594742,0.09133707731962204,0.09133707731962204,0.09133751690387726,0.09133751690387726,0.09133798629045486,0.09133798629045486,0.09133846312761307,0.09133846312761307,0.09133896231651306,0.09133896231651306,0.09133947640657425,0.09133947640657425,0.09134000539779663,0.09134000539779663,0.0913405567407608,0.0913405567407608,0.09134113043546677,0.09134113043546677,0.09134172648191452,0.09134172648191452,0.09134234488010406,0.09134234488010406,0.0913430005311966,0.0913430005311966,0.09134369343519211,0.09134369343519211,0.09134440869092941,0.09134440869092941,0.0913451761007309,0.0913451761007309,0.09134596586227417,0.09134596586227417,0.09134679287672043,0.09134679287672043,0.09134766459465027,0.09134766459465027,0.09134858101606369,0.09134858101606369,0.09134954959154129,0.09134954959154129,0.09135057032108307,0.09135057032108307,0.09135165065526962,0.09135165065526962,0.09135278314352036,0.09135278314352036,0.09135397523641586,0.09135397523641586,0.09135524183511734,0.09135524183511734,0.09135658293962479,0.09135658293962479,0.0913580060005188,0.0913580060005188,0.09135951101779938,0.09135951101779938,0.09136112034320831,0.09136112034320831,0.0913628339767456,0.0913628339767456,0.09136466681957245,0.09136466681957245,0.09136663377285004,0.09136663377285004,0.09136875718832016,0.09136875718832016,0.09137103706598282,0.09137103706598282,0.0913735032081604,0.0913735032081604,0.0913761630654335,0.0913761630654335,0.09137903153896332,0.09137903153896332,0.09138213843107224,0.09138213843107224,0.09138551354408264,0.09138551354408264,0.09138917922973633,0.09138917922973633,0.09139318019151688,0.09139318019151688,0.09139756858348846,0.09139756858348846,0.09140239655971527,0.09140239655971527,0.09140775352716446,0.09140775352716446,0.09141374379396439,0.09141374379396439,0.09142044931650162,0.09142044931650162,0.0914279967546463,0.0914279967546463,0.09143655747175217,0.09143655747175217,0.09144628793001175,0.09144628793001175,0.09145742654800415,0.09145742654800415,0.09147024899721146,0.09147024899721146,0.09148503839969635,0.09148503839969635,0.09150218218564987,0.09150218218564987,0.09152209758758545,0.09152209758758545,0.09154535084962845,0.09154535084962845,0.09157272428274155,0.09157272428274155,0.09160517156124115,0.09160517156124115,0.09164382517337799,0.09164382517337799,0.09169019758701324,0.09169019758701324,0.09174611419439316,0.09174611419439316,0.09181372821331024,0.09181372821331024,0.09194624423980713,0.09194624423980713,0.09199726581573486,0.09199726581573486,0.09213241189718246,0.09213241189718246,0.0922965258359909,0.0922965258359909,0.09252230823040009,0.09252230823040009,0.09283073246479034,0.09283073246479034,0.09325114637613297,0.09325114637613297,0.09381069988012314,0.09381069988012314,0.09457996487617493,0.09457996487617493,0.09574048221111298,0.09574048221111298,0.09725552797317505,0.09725552797317505,0.09948304295539856,0.09948304295539856,0.10247369110584259,0.10247369110584259,0.10629277676343918,0.10629277676343918,0.11079124361276627,0.11079124361276627,0.112149678170681,0.112149678170681,0.11166419833898544,0.11166419833898544,0.1100040003657341,0.1100040003657341,0.10752297192811966,0.10752297192811966,0.10477111488580704,0.10477111488580704,0.10271622985601425,0.10271622985601425,0.10133395344018936,0.10133395344018936,0.10036106407642365,0.10036106407642365,0.09975441545248032,0.09975441545248032,0.09941810369491577,0.09941810369491577,0.09920959919691086,0.09920959919691086,0.09923485666513443,0.09923485666513443,0.09943874925374985,0.09943874925374985,0.09974104911088943,0.09974104911088943,0.10013102740049362,0.10013102740049362,0.1007605791091919,0.1007605791091919,0.10139823704957962,0.10139823704957962,0.10223031789064407,0.10223031789064407,0.1030886173248291,0.1030886173248291,0.10405535995960236,0.10405535995960236,0.10515504330396652,0.10515504330396652,0.10541804879903793,0.10541804879903793,0.10497087240219116,0.10497087240219116,0.10397119075059891,0.10397119075059891,0.10326816141605377,0.10326816141605377,0.1027718335390091,0.1027718335390091,0.10244950652122498,0.10244950652122498,0.10227818042039871,0.10227818042039871,0.10223789513111115,0.10223789513111115,0.10232983529567719,0.10232983529567719,0.10254865884780884,0.10254865884780884,0.10290007293224335,0.10290007293224335,0.10337792336940765,0.10337792336940765,0.10396069288253784,0.10396069288253784,0.10398434102535248,0.10398434102535248,0.10352113842964172,0.10352113842964172,0.10320445895195007,0.10320445895195007,0.10301800817251205,0.10301800817251205,0.10291438549757004,0.10291438549757004,0.10289062559604645,0.10289062559604645,0.10294502973556519,0.10294502973556519,0.10306496918201447,0.10306496918201447,0.1032913327217102,0.1032913327217102,0.10358791053295135,0.10358791053295135,0.10336629301309586,0.10336629301309586,0.10325385630130768,0.10325385630130768,0.1032385379076004,0.1032385379076004,0.10330106317996979,0.10330106317996979,0.10286806523799896,0.10286806523799896,0.10255660861730576,0.10255660861730576,0.10237240791320801,0.10237240791320801,0.10229317843914032,0.10229317843914032,0.10232308506965637,0.10232308506965637,0.10244876146316528,0.10244876146316528,0.10266119241714478,0.10266119241714478,0.1029571071267128,0.1029571071267128,0.1027769222855568,0.1027769222855568,0.10225247591733932,0.10225247591733932,0.10184226930141449,0.10184226930141449,0.10155859589576721,0.10155859589576721,0.10138498991727829,0.10138498991727829,0.10131754726171494,0.10131754726171494,0.1013452559709549,0.1013452559709549,0.10145946592092514,0.10145946592092514,0.10165241360664368,0.10165241360664368,0.10189369320869446,0.10189369320869446,0.10224871337413788,0.10224871337413788,0.10214625298976898,0.10214625298976898,0.10168035328388214,0.10168035328388214,0.10135842114686966,0.10135842114686966,0.10114985704421997,0.10114985704421997,0.10106468200683594,0.10106468200683594,0.10105972737073898,0.10105972737073898,0.10113327950239182,0.10113327950239182,0.10126791894435883,0.10126791894435883,0.10147639364004135,0.10147639364004135,0.1017245501279831,0.1017245501279831,0.1015687957406044,0.1015687957406044,0.10149358958005905,0.10149358958005905,0.10150092095136642,0.10150092095136642,0.10159019380807877,0.10159019380807877,0.10174372047185898,0.10174372047185898,0.10194987803697586,0.10194987803697586,0.10176662355661392,0.10176662355661392,0.10166143625974655,0.10166143625974655,0.10162780433893204,0.10162780433893204,0.10166501253843307,0.10166501253843307,0.10178152471780777,0.10178152471780777,0.10195757448673248,0.10195757448673248,0.10176745057106018,0.10176745057106018,0.10166440904140472,0.10166440904140472,0.10165614634752274,0.10165614634752274,0.10172072052955627,0.10172072052955627,0.10186988860368729,0.10186988860368729,0.101658895611763,0.101658895611763,0.10155107080936432,0.10155107080936432,0.1015460416674614,0.1015460416674614,0.10163971781730652,0.10163971781730652,0.10181175917387009,0.10181175917387009,0.1016404777765274,0.1016404777765274,0.10115810483694077,0.10115810483694077,0.10086976736783981,0.10086976736783981,0.10063881427049637,0.10063881427049637,0.10051984339952469,0.10051984339952469,0.10049362480640411,0.10049362480640411,0.10054976493120193,0.10054976493120193,0.10068335384130478,0.10068335384130478,0.10088087618350983,0.10088087618350983,0.1010771095752716,0.1010771095752716,0.10137803107500076,0.10137803107500076,0.10174042731523514,0.10174042731523514,0.10173114389181137,0.10173114389181137,0.10139372944831848,0.10139372944831848,0.10115937143564224,0.10115937143564224,0.10104650259017944,0.10104650259017944,0.10100739449262619,0.10100739449262619,0.10104835033416748,0.10104835033416748,0.1011529266834259,0.1011529266834259,0.101349838078022,0.101349838078022,0.10119981318712234,0.10119981318712234,0.10115452110767365,0.10115452110767365,0.10116194188594818,0.10116194188594818,0.1012623980641365,0.1012623980641365,0.1014367938041687,0.1014367938041687,0.1012687236070633,0.1012687236070633,0.10119756311178207,0.10119756311178207,0.10121316462755203,0.10121316462755203,0.10131045430898666,0.10131045430898666,0.10109513252973557,0.10109513252973557,0.10096852481365204,0.10096852481365204,0.1009260043501854,0.1009260043501854,0.1009669229388237,0.1009669229388237,0.10109211504459381,0.10109211504459381,0.10129766166210175,0.10129766166210175,0.10119418054819107,0.10119418054819107,0.10088256746530533,0.10088256746530533,0.10061594098806381,0.10061594098806381,0.10044663399457932,0.10044663399457932,0.10032420605421066,0.10032420605421066,0.10033506155014038,0.10033506155014038,0.10050926357507706,0.10050926357507706,0.10074906796216965,0.10074906796216965,0.10099425911903381,0.10099425911903381,0.10133010149002075,0.10133010149002075,0.10133443772792816,0.10133443772792816,0.10104921460151672,0.10104921460151672,0.10092352330684662,0.10092352330684662,0.10084950178861618,0.10084950178861618,0.10085895657539368,0.10085895657539368,0.10093603283166885,0.10093603283166885,0.10102366656064987,0.10102366656064987,0.1012071743607521,0.1012071743607521,0.1010909229516983,0.1010909229516983,0.10105393826961517,0.10105393826961517,0.10112828761339188,0.10112828761339188,0.10129385441541672,0.10129385441541672,0.10115373879671097,0.10115373879671097,0.10108495503664017,0.10108495503664017,0.10108485072851181,0.10108485072851181,0.10115402191877365,0.10115402191877365,0.10128901153802872,0.10128901153802872,0.1011425331234932,0.1011425331234932,0.10109490901231766,0.10109490901231766,0.10083941370248795,0.10083941370248795,0.10064315795898438,0.10064315795898438,0.10055503994226456,0.10055503994226456,0.10056346654891968,0.10056346654891968,0.1006673276424408,0.1006673276424408,0.1008647009730339,0.1008647009730339,0.10108520090579987,0.10108520090579987,0.101067915558815,0.101067915558815,0.10084296762943268,0.10084296762943268,0.10067036747932434,0.10067036747932434,0.10060030966997147,0.10060030966997147,0.10062718391418457,0.10062718391418457,0.10074136406183243,0.10074136406183243,0.10093287378549576,0.10093287378549576,0.10114060342311859,0.10114060342311859,0.1011061817407608,0.1011061817407608,0.10086856782436371,0.10086856782436371,0.1006871685385704,0.1006871685385704,0.10061506927013397,0.10061506927013397,0.100639708340168,0.100639708340168,0.10075028240680695,0.10075028240680695,0.10093630850315094,0.10093630850315094,0.10085071623325348,0.10085071623325348,0.10086113959550858,0.10086113959550858,0.10090499371290207,0.10090499371290207,0.10079439729452133,0.10079439729452133,0.10072929412126541,0.10072929412126541,0.10075217485427856,0.10075217485427856,0.10085400938987732,0.10085400938987732,0.1009664461016655,0.1009664461016655,0.10090711712837219,0.10090711712837219,0.1008872389793396,0.1008872389793396,0.1009475588798523,0.1009475588798523,0.10102981328964233,0.10102981328964233,0.10094021260738373,0.10094021260738373,0.10088785737752914,0.10088785737752914,0.10090971738100052,0.10090971738100052,0.10095135122537613,0.10095135122537613,0.10082866996526718,0.10082866996526718,0.1007518321275711,0.1007518321275711,0.10076355189085007,0.10076355189085007,0.10085257142782211,0.10085257142782211,0.10095703601837158,0.10095703601837158,0.10089470446109772,0.10089470446109772,0.10087243467569351,0.10087243467569351,0.10093197971582413,0.10093197971582413,0.100729800760746,0.100729800760746,0.10063198953866959,0.10063198953866959,0.10063015669584274,0.10063015669584274,0.10071837157011032,0.10071837157011032,0.10088992118835449,0.10088992118835449,0.10079771280288696,0.10079771280288696,0.1004801094532013,0.1004801094532013,0.10024853050708771,0.10024853050708771,0.1001734733581543,0.1001734733581543,0.10020962357521057,0.10020962357521057,0.10034843534231186,0.10034843534231186,0.10060342401266098,0.10060342401266098,0.10090210288763046,0.10090210288763046,0.10094249993562698,0.10094249993562698,0.10075705498456955,0.10075705498456955,0.10068890452384949,0.10068890452384949,0.10072480887174606,0.10072480887174606,0.10085869580507278,0.10085869580507278,0.1007525622844696,0.1007525622844696,0.10075700283050537,0.10075700283050537,0.10086014121770859,0.10086014121770859,0.10072170197963715,0.10072170197963715,0.10068944841623306,0.10068944841623306,0.1007528081536293,0.1007528081536293,0.10090141743421555,0.10090141743421555,0.1008019968867302,0.1008019968867302,0.10048005729913712,0.10048005729913712,0.10022513568401337,0.10022513568401337,0.10011076927185059,0.10011076927185059,0.10009022802114487,0.10009022802114487,0.10015321522951126,0.10015321522951126,0.10029435157775879,0.10029435157775879,0.10054609179496765,0.10054609179496765,0.10082150250673294,0.10082150250673294,0.10110695660114288,0.10110695660114288,0.10117017477750778,0.10117017477750778,0.10102226585149765,0.10102226585149765,0.1007072702050209,0.1007072702050209,0.10046734660863876,0.10046734660863876,0.10030165314674377,0.10030165314674377,0.10028156638145447,0.10028156638145447,0.1003536507487297,0.1003536507487297,0.10053490847349167,0.10053490847349167,
ep_max_height,wall_time,1632452133.0550103,1632452133.5939083,1632452134.164334,1632452134.8280768,1632452135.3691533,1632452135.9038827,1632452136.421042,1632452137.0924644,1632452137.7244258,1632452138.3110638,1632452138.8915923,1632452139.471362,1632452140.094393,1632452140.6779404,1632452141.1821432,1632452141.7981951,1632452142.3546555,1632452142.9820802,1632452143.6132019,1632452144.2060158,1632452144.8160493,1632452145.3437753,1632452145.8798997,1632452146.4154363,1632452147.0372064,1632452147.64497,1632452148.238046,1632452148.71276,1632452149.2479334,1632452149.7924337,1632452150.4663548,1632452151.0996408,1632452151.7185092,1632452152.340455,1632452152.892846,1632452153.5443175,1632452154.161016,1632452154.768701,1632452155.2400863,1632452155.8914344,1632452156.5197911,1632452157.165116,1632452157.7440803,1632452158.4060128,1632452159.0810544,1632452159.6494057,1632452160.1720843,1632452160.6738012,1632452161.1572943,1632452161.7660391,1632452162.3679435,1632452162.9121735,1632452163.4530823,1632452163.986721,1632452164.5145953,1632452165.0434911,1632452165.5981655,1632452166.1934695,1632452166.646306,1632452167.1837876,1632452167.7893183,1632452168.4173477,1632452169.0427966,1632452169.6232953,1632452170.2113144,1632452170.7481093,1632452171.2833543,1632452171.828582,1632452172.450309,1632452173.0319316,1632452173.5846558,1632452174.2437904,1632452174.9465334,1632452175.5546699,1632452176.143853,1632452176.7171006,1632452177.2990193,1632452177.8881106,1632452178.5262525,1632452179.1965075,1632452179.741481,1632452180.368661,1632452181.0123837,1632452181.6264799,1632452182.2463512,1632452182.7386572,1632452183.3876092,1632452183.970198,1632452184.5420804,1632452185.0750406,1632452185.7024107,1632452186.335628,1632452187.0348086,1632452187.6783092,1632452188.2941911,1632452188.894352,1632452189.4902925,1632452190.0998762,1632452190.704132,1632452191.326823,1632452191.895935,1632452192.5573974,1632452193.2737536,1632452193.9035974,1632452194.5424984,1632452195.244478,1632452195.806259,1632452196.5524178,1632452197.1664875,1632452197.7530794,1632452198.3866816,1632452199.0392997,1632452199.7507784,1632452200.4961505,1632452201.120017,1632452201.8054035,1632452202.3812754,1632452203.0115142,1632452203.6375906,1632452204.3357103,1632452205.0795472,1632452205.7129014,1632452206.3581586,1632452206.933887,1632452207.69365,1632452208.3699868,1632452209.0427382,1632452209.7640405,1632452210.504799,1632452211.168591,1632452211.8870308,1632452212.5052316,1632452213.2002547,1632452213.892569,1632452214.5303419,1632452215.1609397,1632452215.7569313,1632452216.5256965,1632452217.223677,1632452217.841305,1632452218.4569488,1632452219.0898788,1632452219.8042958,1632452220.524521,1632452221.3505676,1632452222.0360258,1632452222.692314,1632452223.3525023,1632452223.9744494,1632452224.5973363,1632452225.293814,1632452225.8659997,1632452226.412261,1632452226.8809354,1632452227.423609,1632452227.9652278,1632452228.5093803,1632452229.048555,1632452229.6044712,1632452230.143898,1632452230.8807714,1632452231.5764916,1632452232.220226,1632452232.842561,1632452233.4708602,1632452234.0970056,1632452234.7262437,1632452235.350813,1632452236.0052614,1632452236.5370877,1632452237.0710914,1632452237.6216986,1632452238.2455173,1632452238.7828252,1632452239.3263197,1632452239.844776,1632452240.3865252,1632452240.9240575,1632452241.5387645,1632452242.0953054,1632452242.6797676,1632452243.2473834,1632452243.900104,1632452244.580006,1632452245.2799869,1632452245.8624718,1632452246.6045737,1632452247.217813,1632452247.8989673,1632452248.5241609,1632452249.0540504,1632452249.5906262,1632452250.1272228,1632452250.7565467,1632452251.3736,1632452251.980411,1632452252.6748195,1632452253.3026578,1632452253.8419602,1632452254.3730574,1632452254.9050827,1632452255.4902654,1632452256.149965,1632452256.7649379,1632452257.3123412,1632452257.9314082,1632452258.4754064,1632452259.1107168,1632452259.6664314,1632452260.1859546,1632452260.7220726,1632452261.3509722,1632452261.9317114,1632452262.5509825,1632452263.2507658,1632452263.8836453,1632452264.454033,1632452264.9836578,1632452265.5194736,1632452266.1373463,1632452266.7561808,1632452267.3205898,1632452268.0489697,1632452268.5816355,1632452269.1114135,1632452269.750491,1632452270.3108912,1632452271.0474687,1632452271.7143269,1632452272.305229,1632452272.9290535,1632452273.5349243,1632452274.199011,1632452274.8894458,1632452275.5287883,1632452276.0867476,1632452276.6884956,1632452277.2999005,1632452277.9018934,1632452278.509606,1632452279.1237237,1632452279.6758106,1632452280.2900765,1632452280.9138296,1632452281.5175579,1632452282.0491083,1632452282.6352665,1632452283.2514162,1632452283.9148862,1632452284.581356,1632452285.343516,1632452286.127616,1632452286.6967535,1632452287.2865646,1632452287.8637493,1632452288.4837716,1632452289.0744963,1632452289.7214766,1632452290.369508,1632452291.0222397,1632452291.5866594,1632452292.1965835,1632452292.7677464,1632452293.4753337,1632452294.1708217,1632452294.8464565,1632452295.5477815,1632452296.1056423,1632452296.8170595,1632452297.4921188,1632452298.16704,1632452298.6720502,1632452299.196375,1632452299.9068787,1632452300.7665794,1632452301.3549857,1632452302.0918915,1632452302.7332795,1632452303.5051477,1632452304.1919842,1632452304.9134815,1632452305.5313241,1632452306.292136,1632452307.0401862,1632452307.6612825,1632452308.2737064,1632452308.8842885,1632452309.584873,1632452310.1852126,1632452310.794356,1632452311.4704058,1632452312.0339234,1632452312.5810726,1632452313.2910364,1632452313.860276,1632452314.6185625,1632452315.2280192,1632452315.9114769,1632452316.6102178,1632452317.2894468,1632452317.87838,1632452318.4936514,1632452319.1699913,1632452319.786166,1632452320.34438,1632452321.0353186,1632452321.850605,1632452322.5009184,1632452323.1396365,1632452323.6643474,1632452324.3066185,1632452324.926609,1632452325.5699658,1632452326.3219326,1632452326.931273,1632452327.6379566,1632452328.1707704,1632452328.8292592,1632452329.5762627,1632452330.393554,1632452330.9399023,1632452331.622641,1632452332.3186667,1632452332.9996696,1632452333.6639788,1632452334.287561,1632452334.861813,1632452335.5101478,1632452336.1926615,1632452336.7845678,1632452337.4220285,1632452338.146713,1632452338.8400917,1632452339.4987512,1632452340.1114933,1632452340.6376796,1632452341.2498946,1632452341.8592951,1632452342.5467849,1632452343.180747,1632452343.792874,1632452344.401528,1632452345.0150003,1632452345.6004667,1632452346.2602873,1632452346.816444,1632452347.351958,1632452347.983783,1632452348.5288625,1632452349.0644522,1632452349.6047723,1632452350.1361208,1632452350.6797378,1632452351.3143935,1632452351.8532772,1632452352.3897262,1632452352.9668114,1632452353.500713,1632452354.036942,1632452354.6285355,1632452355.1919305,1632452355.737647,1632452356.333118,1632452356.9608808,1632452357.4935398,1632452358.0138693,1632452358.5346045,1632452359.0505426,1632452359.5737767,1632452360.0955465,1632452360.654761,1632452361.176398,1632452361.7478976,1632452362.318789,1632452362.8572848,1632452363.3927038,1632452363.9324517,1632452364.5824215,1632452365.1096551,1632452365.6320238,1632452366.1352177,1632452366.6142771,1632452367.170351,1632452367.788433,1632452368.3686304,1632452368.9678857,1632452369.5308893,1632452370.0621786,1632452370.6101236,1632452371.2184486,1632452371.828085,1632452372.4373074,1632452373.0494902,1632452373.5822804,1632452374.1172512,1632452374.6468377,1632452375.2671945,1632452375.7969851,1632452376.425854,1632452376.953473,1632452377.5253937,1632452378.0558167,1632452378.592007,1632452379.1189694,1632452379.6486511,1632452380.2573743,1632452380.8237402,1632452381.3495533,1632452381.882721,1632452382.405301,1632452382.9385908,1632452383.461931,1632452383.9888031,1632452384.523207,1632452385.0532808,1632452385.5766623,1632452386.0995648,1632452386.621613,1632452387.139483,1632452387.6813078,1632452388.214956,1632452388.740176,1632452389.2641237,1632452389.782872,1632452390.3122585,1632452390.8663795,1632452391.4670377,1632452392.0255067,1632452392.5733702,1632452393.1050322,1632452393.7170346,1632452394.2425928,1632452394.767465,1632452395.2870872,1632452395.8343782,1632452396.4399602,1632452397.0946157,1632452397.7476957,1632452398.4080865,1632452399.028325,1632452399.6462066,1632452400.300373,1632452400.9578874,1632452401.517015,1632452402.1685429,1632452402.8149915,1632452403.5066028,1632452404.1027713,1632452404.7003036,1632452405.442728,1632452406.089566,1632452406.7166474,1632452407.3928237,1632452407.9727926,1632452408.6330702,1632452409.3590407,1632452410.0268972,1632452410.675091,1632452411.2938347,1632452411.991076,1632452412.4982183,1632452413.0763054,1632452413.8545375,1632452414.4188871,1632452414.987527,1632452415.508553,1632452416.1644526,1632452416.7687705,1632452417.4472275,1632452418.193796,1632452418.8039649,1632452419.4096267,1632452420.0146782,1632452420.6670148,1632452421.289537,1632452421.9307816,1632452422.596478,1632452423.2024105,1632452423.8916907,1632452424.4151459,1632452425.024174,1632452425.6387055,1632452426.2487938,1632452426.8345098,1632452427.4741058,1632452428.1204627,1632452428.861068,1632452429.4190361,1632452430.035798,1632452430.7567196,1632452431.336044,1632452431.983252,1632452432.7290452,1632452433.4470258,1632452434.0546248,1632452434.6758049,1632452435.3417614,1632452435.9571893,1632452436.5798635,1632452437.1965115,1632452437.7767646,1632452438.4699059,1632452439.0508528,1632452439.7394946,1632452440.4114296,1632452441.1428785,1632452441.7595298,1632452442.3690467,1632452442.9754622,1632452443.4983552,1632452444.3745587,1632452445.0564456,1632452445.7209384,1632452446.3265965,1632452446.9854612,1632452447.575205,1632452448.2353075,1632452448.7710874,1632452449.3230019,1632452449.9868312,1632452450.6525836,1632452451.3192654,1632452451.9111872,1632452452.637664,1632452453.3303208,1632452453.9716928,1632452454.6330838,1632452455.3154168,1632452456.0667505,1632452456.635212,1632452457.2614567,1632452457.870167,1632452458.4761863,1632452459.043562,1632452459.7037578,1632452460.322985,1632452460.8302355,1632452461.408798,1632452462.0380633,1632452462.609517,1632452463.2201152,1632452463.8661072,1632452464.4925497,1632452465.319242,1632452466.0290442,1632452466.6553526,1632452467.2913353,1632452467.891351,1632452468.5470808,1632452469.2753956,1632452469.9224174,1632452470.5348475,1632452471.1303928,1632452471.8213556,1632452472.4745085,1632452473.0398107,1632452473.6311357,1632452474.4265869,1632452474.9778152,1632452475.6213448,1632452476.1891983,1632452476.7959967,1632452477.4721317,1632452478.1307013,1632452478.6861312,1632452479.2842877,1632452479.9016829,1632452480.5737913,1632452481.0616863,1632452481.693301,1632452482.36306,1632452482.9885652,1632452483.585256,1632452484.2386234,1632452484.8325691,1632452485.5633054,1632452486.1635985,1632452486.882071,1632452487.5828998,1632452488.284634,1632452488.9087067,1632452489.4579604,1632452490.0290923,1632452490.5989535,1632452491.2698889,1632452491.9305854,1632452492.5408678,1632452493.2438521,1632452493.9848073,1632452494.556594,1632452495.176974,1632452495.753802,1632452496.3041167,1632452496.947907,1632452497.5873363,1632452498.2002764,1632452498.8138218,1632452499.420345,1632452500.1151521,1632452500.7196999,1632452501.3317745,1632452501.9357538,1632452502.4964135,1632452503.1258593,1632452503.8523207,1632452504.4890122,1632452505.1134264,1632452505.6794748,1632452506.380449,1632452506.9209409,1632452507.4896393,1632452508.2096732,1632452508.8654718,1632452509.4823093,1632452510.0671961,1632452510.6602452,1632452511.3744726,1632452512.0383468,1632452512.6683838,1632452513.3328447,1632452513.9992979,1632452514.6319482,1632452515.2766185,1632452516.0189173,1632452516.7533002,1632452517.1986697,1632452517.810944,1632452518.430844,1632452519.1196826,1632452519.7524056,1632452520.4320207,1632452521.0516121,1632452521.6906343,1632452522.2574127,1632452522.9261916,1632452523.6721964,1632452524.387878,1632452524.9642189,1632452525.6582215,1632452526.3203752,1632452527.0722501,1632452527.8289495,1632452528.533915,1632452529.1705446,1632452529.779666,1632452530.338885,1632452530.85148,1632452531.4522998,1632452532.069583,1632452532.6750233,1632452533.3399217,1632452533.9558055,1632452534.5681908,1632452535.2516673,1632452535.8896365,1632452536.4949129,1632452537.188307,1632452537.8887746,1632452538.497561,1632452539.0808837,1632452539.7228389,1632452540.3295763,1632452540.9423795,1632452541.515903,1632452542.1245437,1632452542.8249335,1632452543.5738637,1632452544.176116,1632452544.8320422,1632452545.4230604,1632452545.9513004,1632452546.558412,1632452547.216736,1632452547.8361638,1632452548.3802695,1632452548.989918,1632452549.672833,1632452550.3407278,1632452550.952568,1632452551.6103077,1632452552.3086097,1632452553.0699263,1632452553.5612633,1632452554.2151942,1632452554.9091628,1632452555.5239213,1632452556.1440203,1632452556.7752273,1632452557.387612,1632452557.99293,1632452558.6331909,1632452559.205391,1632452559.816565,1632452560.5253863,1632452561.0685122,1632452561.842301,1632452562.5298693,1632452563.1721497,1632452563.8306801,1632452564.5320706,1632452565.1592097,1632452565.8821805,1632452566.5824885,1632452567.209184,1632452568.0072272,1632452568.7782142,1632452569.543906,1632452570.26988,1632452570.9267113,1632452571.5621657,1632452572.3480484,1632452573.0443366,1632452573.7389052,1632452574.3767486,1632452574.9943686,1632452575.600213,1632452576.192793,1632452576.7841005,1632452577.432405,1632452578.033091,1632452578.7089767,1632452579.2878497,1632452579.9836838,1632452580.5501046,1632452581.339104,1632452581.9760807,1632452582.6375616,1632452583.21789,1632452583.8654413,1632452584.5557714,1632452585.2930243,1632452585.911351,1632452586.5704117,1632452587.185177,1632452587.78347,1632452588.3214524,1632452588.8800602,1632452589.5179896,1632452590.1000645,1632452590.7337332,1632452591.3818169,1632452591.9930618,1632452592.676778,1632452593.3315754,1632452593.9871364,1632452594.6047106,1632452595.2990527,1632452595.9593399,1632452596.570272,1632452597.3180597,1632452597.9266393,1632452598.541871,1632452599.095492,1632452599.7168348,1632452600.26684,1632452600.8024368,1632452601.467672,1632452602.1295145,1632452602.6753643,1632452603.4367673,1632452604.074799,1632452604.7852073,1632452605.4089105,1632452606.025387,1632452606.6420362,1632452607.2563314,1632452607.9867654,1632452608.4421437,1632452609.0193849,1632452609.624149,1632452610.3420825,1632452611.0570855,1632452611.7523234,1632452612.3395503,1632452613.037908,1632452613.7566774,1632452614.5583467,1632452615.219402,1632452615.9241936,1632452616.518155,1632452616.9841325,1632452617.5544875,1632452618.1423888,1632452618.7424698,1632452619.3455904,1632452620.0241368,1632452620.6498826,1632452621.230644,1632452621.9093187,1632452622.4873936,1632452623.0592575,1632452623.6690133,1632452624.1957724,1632452624.8064394,1632452625.4275165,1632452626.0497165,1632452626.6398025,1632452627.2918136,1632452627.955327,1632452628.6376247,1632452629.2887757,1632452629.9309227,1632452630.6233108,1632452631.3088098,1632452632.0879931,1632452632.7751415,1632452633.4392886,1632452634.0119526,1632452634.7369688,1632452635.387533,1632452635.971866,1632452636.530468,1632452637.1461608,1632452637.7754135,1632452638.4260855,1632452639.0363202,1632452639.6599393,1632452640.3003693,1632452640.9168272,1632452641.5236323,1632452642.1533334,1632452642.833878,1632452643.3744888,1632452643.9304404,1632452644.4763076,1632452645.0688078,1632452645.6900644,1632452646.3302534,1632452646.9129748,1632452647.642204,1632452648.272223,1632452648.8890097,1632452649.538026,1632452650.1818027,1632452650.8304093,1632452651.4650953,1632452651.9474385,1632452652.5246208,1632452653.111177,1632452653.7220197,1632452654.341834,1632452655.0283399,1632452655.7103252,1632452656.2025287,1632452656.810982,1632452657.370406,1632452657.9930437,1632452658.6436548,1632452659.2936032,1632452659.8234024,1632452660.4381633,1632452661.1187012,1632452661.696497,1632452662.3827882,1632452662.8855312,1632452663.5693383,1632452664.1406984,1632452664.780506,1632452665.402457,1632452666.0428839,1632452666.6367238,1632452667.2922058,1632452667.891366,1632452668.424548,1632452669.0718553,1632452669.7232718,1632452670.340533,1632452670.9042654,1632452671.5247254,1632452672.143712,1632452672.781346,1632452673.4565318,1632452674.123928,1632452674.7832112,1632452675.4732678,1632452676.0884902,1632452676.6327186,1632452677.3758352,1632452677.9477806,1632452678.564515,1632452679.4115274,1632452680.0666537,1632452680.804534,1632452681.4271932,1632452682.0858839,1632452682.6809657,1632452683.2625425,1632452683.8216407,1632452684.380858,1632452684.9291706,1632452685.4601188,1632452686.1333888,1632452686.7487404,1632452687.3226302,1632452687.9539113,1632452688.6665535,1632452689.3535836,1632452689.9987793,1632452690.681907,1632452691.285819,1632452691.92655,1632452692.5874302,1632452693.2018309,1632452693.850559,1632452694.5825634,1632452695.2651641,1632452695.9498756,1632452696.5897322,1632452697.2136095,1632452697.879886,1632452698.6443298,1632452699.3438537,1632452700.0258808,1632452700.645469,1632452701.297323,1632452701.9425275,1632452702.6173015,1632452703.1611917,1632452703.842941,1632452704.4757328,1632452705.0571415,1632452705.6309164,1632452706.2469594,1632452706.943639,1632452707.696587,1632452708.4196603,1632452709.1089756,1632452709.7460487,1632452710.3776717,1632452711.0324996,1632452711.6926804,1632452712.3524845,1632452713.0403292,1632452713.5638137,1632452714.2481434,1632452714.869337,1632452715.4133701,1632452716.159184,1632452716.776558,1632452717.4008927,1632452718.014518,1632452718.6712317,1632452719.396012,1632452719.948609,1632452720.534212,1632452721.1527774,1632452721.7930272,1632452722.342462,1632452722.948265,1632452723.6392424,1632452724.2796202,1632452724.896673,1632452725.6848156,1632452726.3394897,1632452727.0284104,1632452727.6734257,1632452728.2839568,1632452728.9143453,1632452729.506883,1632452730.1554544,1632452730.763837,1632452731.461921,1632452732.073332,1632452732.7395442,1632452733.2765965,1632452733.9004786,1632452734.628974,1632452735.2848907,1632452735.8825934,1632452736.582625,1632452737.3929303,1632452738.0863853,1632452738.5996525,1632452739.3264868,1632452739.958844,1632452740.7047503,1632452741.3235562,1632452741.9397364,1632452742.7206228,1632452743.3547292,1632452744.0217988,1632452744.6364822,1632452745.3296084,1632452745.9625623,1632452746.5528936,1632452747.1215491,1632452747.7983387,1632452748.3294916,1632452749.0118253,1632452749.66912,1632452750.3345726,1632452750.97869,1632452751.6904502,1632452752.3352838,1632452753.0283864,1632452753.6709251,1632452754.3714848,1632452755.002921,1632452755.697557,1632452756.335079,
ep_spring_k,value,8680.3701171875,9211.388671875,9366.4736328125,1876.7200927734375,3265.327392578125,10770.76953125,3769.2412109375,9860.994140625,4265.060546875,4485.23193359375,3769.86083984375,7845.63671875,9789.8720703125,7042.56591796875,619.5040283203125,5906.9541015625,5662.35693359375,9946.1630859375,10701.6181640625,6779.20556640625,2410.08642578125,983.1768798828125,5231.79443359375,7862.59326171875,6311.8720703125,6694.01220703125,6476.0537109375,7453.52880859375,3011.293701171875,9259.9326171875,6382.60791015625,3557.12109375,1177.779052734375,8800.78515625,7192.7705078125,1980.8375244140625,7980.89990234375,2691.379638671875,10648.56640625,9134.052734375,9091.5849609375,8904.7919921875,5308.98291015625,9279.158203125,8963.7119140625,8437.33984375,7226.98193359375,9584.4765625,8290.091796875,4809.59521484375,5368.85888671875,8674.9140625,1455.1749267578125,4303.8125,8996.3955078125,3679.024169921875,9488.078125,1110.072998046875,6462.3876953125,1655.6590576171875,10748.9130859375,10047.01953125,3619.75390625,2863.722900390625,8421.46484375,2297.7783203125,2894.6318359375,9641.50390625,10186.0927734375,7573.8154296875,5801.82763671875,10928.6748046875,10521.7421875,3759.90380859375,9149.98046875,2761.5927734375,8405.068359375,7670.80517578125,1785.7861328125,6779.09716796875,9945.3046875,1685.392333984375,2893.029296875,2915.927978515625,2518.069091796875,947.487548828125,6847.7705078125,8550.9248046875,4014.335693359375,1092.8489990234375,10506.78125,3019.362548828125,2136.644775390625,5160.38427734375,7725.96484375,9705.2353515625,5962.5380859375,10619.416015625,1650.0181884765625,6094.01953125,5773.080078125,5773.080078125,5876.2490234375,5876.2490234375,5975.34716796875,5975.34716796875,6070.552734375,6070.552734375,6165.50439453125,6165.50439453125,6262.79931640625,6262.79931640625,6361.06640625,6361.06640625,6461.431640625,6461.431640625,6564.45361328125,6564.45361328125,6672.59228515625,6672.59228515625,6778.21826171875,6778.21826171875,6883.099609375,6883.099609375,6982.92919921875,6982.92919921875,7072.14599609375,7072.14599609375,7146.42236328125,7146.42236328125,7206.75830078125,7206.75830078125,7254.0810546875,7254.0810546875,7289.771484375,7289.771484375,7316.19482421875,7316.19482421875,7338.53125,7338.53125,7361.099609375,7361.099609375,7390.03857421875,7390.03857421875,7431.681640625,7431.681640625,7491.58740234375,7491.58740234375,7574.734375,7574.734375,7679.6552734375,7679.6552734375,7806.7900390625,7806.7900390625,7956.97998046875,7956.97998046875,8127.71044921875,8127.71044921875,8313.853515625,8313.853515625,8510.6982421875,8510.6982421875,8716.6611328125,8716.6611328125,8927.3564453125,8927.3564453125,9137.9443359375,9137.9443359375,9344.5244140625,9344.5244140625,9544.1728515625,9544.1728515625,9734.2265625,9734.2265625,9911.53125,9911.53125,10073.728515625,10073.728515625,10219.1357421875,10219.1357421875,10346.3525390625,10346.3525390625,10455.2626953125,10455.2626953125,10546.6923828125,10546.6923828125,10622.1669921875,10622.1669921875,10683.908203125,10683.908203125,10733.7392578125,10733.7392578125,10773.6416015625,10773.6416015625,10805.4228515625,10805.4228515625,10830.646484375,10830.646484375,10850.7421875,10850.7421875,10866.736328125,10866.736328125,10879.4873046875,10879.4873046875,10889.658203125,10889.658203125,10897.8046875,10897.8046875,10904.357421875,10904.357421875,10909.6552734375,10909.6552734375,10913.96484375,10913.96484375,10917.4970703125,10917.4970703125,10920.4091796875,10920.4091796875,10922.833984375,10922.833984375,10924.86328125,10924.86328125,10926.5751953125,10926.5751953125,10928.03125,10928.03125,10929.2763671875,10929.2763671875,10930.3447265625,10930.3447265625,10931.263671875,10931.263671875,10932.0517578125,10932.0517578125,10932.728515625,10932.728515625,10933.3076171875,10933.3076171875,10933.8046875,10933.8046875,10934.2333984375,10934.2333984375,10934.60546875,10934.60546875,10934.9306640625,10934.9306640625,10935.2158203125,10935.2158203125,10935.4677734375,10935.4677734375,10935.69140625,10935.69140625,10935.888671875,10935.888671875,10936.0634765625,10936.0634765625,10936.2197265625,10936.2197265625,10936.3564453125,10936.3564453125,10936.4775390625,10936.4775390625,10936.58203125,10936.58203125,10936.6728515625,10936.6728515625,10936.7509765625,10936.7509765625,10936.8173828125,10936.8173828125,10936.8740234375,10936.8740234375,10936.921875,10936.921875,10936.962890625,10936.962890625,10936.998046875,10936.998046875,10937.0283203125,10937.0283203125,10937.0517578125,10937.0517578125,10937.0712890625,10937.0712890625,10937.0849609375,10937.0849609375,10937.0927734375,10937.0927734375,10937.095703125,10937.095703125,10937.091796875,10937.091796875,10937.0810546875,10937.0810546875,10937.0654296875,10937.0654296875,10937.04296875,10937.04296875,10937.015625,10937.015625,10936.9833984375,10936.9833984375,10936.9453125,10936.9453125,10936.9033203125,10936.9033203125,10936.8564453125,10936.8564453125,10936.806640625,10936.806640625,10936.751953125,10936.751953125,10936.6943359375,10936.6943359375,10936.6328125,10936.6328125,10936.564453125,10936.564453125,10936.4912109375,10936.4912109375,10936.4111328125,10936.4111328125,10936.32421875,10936.32421875,10936.23046875,10936.23046875,10936.12890625,10936.12890625,10936.0244140625,10936.0244140625,10935.9130859375,10935.9130859375,10935.796875,10935.796875,10935.677734375,10935.677734375,10935.5546875,10935.5546875,10935.4267578125,10935.4267578125,10935.29296875,10935.29296875,10935.1533203125,10935.1533203125,10935.0068359375,10935.0068359375,10934.853515625,10934.853515625,10934.6923828125,10934.6923828125,10934.5224609375,10934.5224609375,10934.345703125,10934.345703125,10934.162109375,10934.162109375,10933.9697265625,10933.9697265625,10933.76953125,10933.76953125,10933.560546875,10933.560546875,10933.3388671875,10933.3388671875,10933.1064453125,10933.1064453125,10932.859375,10932.859375,10932.5966796875,10932.5966796875,10932.3203125,10932.3203125,10932.0263671875,10932.0263671875,10931.716796875,10931.716796875,10931.3935546875,10931.3935546875,10931.05078125,10931.05078125,10930.6884765625,10930.6884765625,10930.302734375,10930.302734375,10929.892578125,10929.892578125,10929.4580078125,10929.4580078125,10928.9990234375,10928.9990234375,10928.51171875,10928.51171875,10927.9951171875,10927.9951171875,10927.4443359375,10927.4443359375,10926.857421875,10926.857421875,10926.2314453125,10926.2314453125,10925.5634765625,10925.5634765625,10924.8486328125,10924.8486328125,10924.0810546875,10924.0810546875,10923.251953125,10923.251953125,10922.357421875,10922.357421875,10921.3896484375,10921.3896484375,10920.34375,10920.34375,10919.2099609375,10919.2099609375,10917.984375,10917.984375,10916.6533203125,10916.6533203125,10915.2041015625,10915.2041015625,10913.625,10913.625,10911.8994140625,10911.8994140625,10910.001953125,10910.001953125,10907.908203125,10907.908203125,10905.5810546875,10905.5810546875,10902.97265625,10902.97265625,10900.0478515625,10900.0478515625,10896.748046875,10896.748046875,10892.9970703125,10892.9970703125,10888.7265625,10888.7265625,10883.828125,10883.828125,10878.1767578125,10878.1767578125,10871.640625,10871.640625,10864.052734375,10864.052734375,10855.21484375,10855.21484375,10844.8671875,10844.8671875,10832.6513671875,10832.6513671875,10818.125,10818.125,10800.7578125,10800.7578125,10779.869140625,10779.869140625,10754.6201171875,10754.6201171875,10723.904296875,10723.904296875,10686.083984375,10686.083984375,10638.8759765625,10638.8759765625,10579.119140625,10579.119140625,10502.3583984375,10502.3583984375,10402.009765625,10402.009765625,10267.951171875,10267.951171875,10084.0830078125,10084.0830078125,9826.25390625,9826.25390625,9460.962890625,9460.962890625,8951.6005859375,8951.6005859375,8258.302734375,8258.302734375,7365.9990234375,7365.9990234375,6300.376953125,6300.376953125,5172.927734375,5172.927734375,4125.07958984375,4125.07958984375,3848.974853515625,3848.974853515625,3938.40771484375,3938.40771484375,4285.416015625,4285.416015625,4852.3525390625,4852.3525390625,5606.24853515625,5606.24853515625,6222.83740234375,6222.83740234375,6699.99853515625,6699.99853515625,7045.568359375,7045.568359375,7274.60400390625,7274.60400390625,7408.451171875,7408.451171875,7465.26416015625,7465.26416015625,7456.32568359375,7456.32568359375,7391.2548828125,7391.2548828125,7278.96923828125,7278.96923828125,7120.6640625,7120.6640625,6918.94677734375,6918.94677734375,6677.47412109375,6677.47412109375,6400.0986328125,6400.0986328125,6110.5810546875,6110.5810546875,5809.59130859375,5809.59130859375,5496.375,5496.375,5425.88232421875,5425.88232421875,5549.69970703125,5549.69970703125,5833.69677734375,5833.69677734375,6048.67431640625,6048.67431640625,6203.48779296875,6203.48779296875,6305.5859375,6305.5859375,6361.17138671875,6361.17138671875,6374.18408203125,6374.18408203125,6344.41943359375,6344.41943359375,6273.10302734375,6273.10302734375,6163.24365234375,6163.24365234375,6016.51708984375,6016.51708984375,5836.5888671875,5836.5888671875,5829.7861328125,5829.7861328125,5971.9873046875,5971.9873046875,6067.298828125,6067.298828125,6126.38427734375,6126.38427734375,6158.91455078125,6158.91455078125,6166.396484375,6166.396484375,6149.388671875,6149.388671875,6108.34228515625,6108.34228515625,6042.1064453125,6042.1064453125,5952.34423828125,5952.34423828125,6020.306640625,6020.306640625,6053.18505859375,6053.18505859375,6057.71728515625,6057.71728515625,6039.50048828125,6039.50048828125,6173.89111328125,6173.89111328125,6271.181640625,6271.181640625,6331.3388671875,6331.3388671875,6357.06396484375,6357.06396484375,6347.4228515625,6347.4228515625,6306.64453125,6306.64453125,6238.939453125,6238.939453125,6146.29443359375,6146.29443359375,6202.7822265625,6202.7822265625,6387.89404296875,6387.89404296875,6527.22509765625,6527.22509765625,6624.60107421875,6624.60107421875,6682.2734375,6682.2734375,6704.6953125,6704.6953125,6695.5087890625,6695.5087890625,6657.64404296875,6657.64404296875,6593.4970703125,6593.4970703125,6505.33984375,6505.33984375,6394.98974609375,6394.98974609375,6426.89404296875,6426.89404296875,6581.9423828125,6581.9423828125,6691.294921875,6691.294921875,6760.53857421875,6760.53857421875,6794.9365234375,6794.9365234375,6796.693359375,6796.693359375,6770.8525390625,6770.8525390625,6721.46728515625,6721.46728515625,6652.27734375,6652.27734375,6567.2421875,6567.2421875,6621.6044921875,6621.6044921875,6646.6240234375,6646.6240234375,6644.2109375,6644.2109375,6614.54541015625,6614.54541015625,6560.90283203125,6560.90283203125,6488.19189453125,6488.19189453125,6553.24462890625,6553.24462890625,6590.90625,6590.90625,6602.1298828125,6602.1298828125,6587.4580078125,6587.4580078125,6548.314453125,6548.314453125,6485.91796875,6485.91796875,6553.0908203125,6553.0908203125,6587.74169921875,6587.74169921875,6592.81201171875,6592.81201171875,6568.8642578125,6568.8642578125,6518.68701171875,6518.68701171875,6591.95361328125,6591.95361328125,6627.865234375,6627.865234375,6629.5546875,6629.5546875,6598.3955078125,6598.3955078125,6538.3544921875,6538.3544921875,6598.17822265625,6598.17822265625,6762.630859375,6762.630859375,6882.744140625,6882.744140625,6962.21142578125,6962.21142578125,7004.52978515625,7004.52978515625,7013.35498046875,7013.35498046875,6992.94970703125,6992.94970703125,6946.84912109375,6946.84912109375,6878.78271484375,6878.78271484375,6791.216796875,6791.216796875,6685.4609375,6685.4609375,6562.45556640625,6562.45556640625,6565.58203125,6565.58203125,6680.26904296875,6680.26904296875,6758.04248046875,6758.04248046875,6801.9794921875,6801.9794921875,6815.666015625,6815.666015625,6801.34228515625,6801.34228515625,6760.1953125,6760.1953125,6694.8544921875,6694.8544921875,6744.67431640625,6744.67431640625,6764.0263671875,6764.0263671875,6757.23876953125,6757.23876953125,6723.93896484375,6723.93896484375,6666.0576171875,6666.0576171875,6721.85791015625,6721.85791015625,6745.47265625,6745.47265625,6740.310546875,6740.310546875,6708.02490234375,6708.02490234375,6785.02880859375,6785.02880859375,6829.35595703125,6829.35595703125,6844.185546875,6844.185546875,6829.9345703125,6829.9345703125,6786.12646484375,6786.12646484375,6712.33251953125,6712.33251953125,6746.6806640625,6746.6806640625,6878.38916015625,6878.38916015625,6970.3564453125,6970.3564453125,7029.37548828125,7029.37548828125,7058.0380859375,7058.0380859375,7054.44140625,7054.44140625,7008.34423828125,7008.34423828125,6924.35888671875,6924.35888671875,6820.4609375,6820.4609375,6701.599609375,6701.599609375,6700.15869140625,6700.15869140625,6801.2412109375,6801.2412109375,6863.62939453125,6863.62939453125,6890.35498046875,6890.35498046875,6886.94580078125,6886.94580078125,6859.11328125,6859.11328125,6810.19189453125,6810.19189453125,6742.4228515625,6742.4228515625,6786.62109375,6786.62109375,6799.6044921875,6799.6044921875,6773.484375,6773.484375,6713.67333984375,6713.67333984375,6764.51611328125,6764.51611328125,6788.7412109375,6788.7412109375,6788.7861328125,6788.7861328125,6764.4345703125,6764.4345703125,6715.3125,6715.3125,6768.5029296875,6768.5029296875,6785.27880859375,6785.27880859375,6894.07421875,6894.07421875,6961.0703125,6961.0703125,6991.46923828125,6991.46923828125,6988.5703125,6988.5703125,6952.73095703125,6952.73095703125,6884.9716796875,6884.9716796875,6788.71875,6788.71875,6794.78564453125,6794.78564453125,6892.8203125,6892.8203125,6951.69287109375,6951.69287109375,6975.88720703125,6975.88720703125,6966.6123046875,6966.6123046875,6927.13671875,6927.13671875,6860.37060546875,6860.37060546875,6769.23779296875,6769.23779296875,6781.36328125,6781.36328125,6883.6005859375,6883.6005859375,6945.89697265625,6945.89697265625,6970.8056640625,6970.8056640625,6962.2978515625,6962.2978515625,6924.06640625,6924.06640625,6859.13720703125,6859.13720703125,6890.04638671875,6890.04638671875,6886.2880859375,6886.2880859375,6851.708984375,6851.708984375,6908.8564453125,6908.8564453125,6931.34033203125,6931.34033203125,6923.43212890625,6923.43212890625,6888.87939453125,6888.87939453125,6830.32275390625,6830.32275390625,6869.71875,6869.71875,6876.90087890625,6876.90087890625,6855.1123046875,6855.1123046875,6808.20556640625,6808.20556640625,6857.779296875,6857.779296875,6876.697265625,6876.697265625,6868.80908203125,6868.80908203125,6835.62548828125,6835.62548828125,6897.076171875,6897.076171875,6923.60986328125,6923.60986328125,6919.57080078125,6919.57080078125,6889.4638671875,6889.4638671875,6833.67041015625,6833.67041015625,6874.26953125,6874.26953125,6882.3154296875,6882.3154296875,6860.81494140625,6860.81494140625,6931.2607421875,6931.2607421875,6965.083984375,6965.083984375,6965.72021484375,6965.72021484375,6935.2314453125,6935.2314453125,6876.03271484375,6876.03271484375,6907.83544921875,6907.83544921875,7018.40771484375,7018.40771484375,7083.3828125,7083.3828125,7108.203125,7108.203125,7096.2607421875,7096.2607421875,7050.609375,7050.609375,6974.96826171875,6974.96826171875,6871.6474609375,6871.6474609375,6857.0478515625,6857.0478515625,6921.87255859375,6921.87255859375,6945.44091796875,6945.44091796875,6933.01806640625,6933.01806640625,6887.3115234375,6887.3115234375,6923.421875,6923.421875,6921.892578125,6921.892578125,6886.79296875,6886.79296875,6934.09716796875,6934.09716796875,6945.25927734375,6945.25927734375,6923.34521484375,6923.34521484375,6871.9033203125,6871.9033203125,6906.37451171875,6906.37451171875,7018.4423828125,7018.4423828125,7091.13818359375,7091.13818359375,7128.89990234375,7128.89990234375,7135.69482421875,7135.69482421875,7114.90087890625,7114.90087890625,7068.220703125,7068.220703125,6996.2275390625,6996.2275390625,6899.63232421875,6899.63232421875,6781.24560546875,6781.24560546875,6754.9296875,6754.9296875,6810.9365234375,6810.9365234375,6939.07666015625,6939.07666015625,7022.68017578125,7022.68017578125,7065.76416015625,7065.76416015625,7072.412109375,7072.412109375,7048.79443359375,7048.79443359375,6999.935546875,6999.935546875,
ep_spring_k,wall_time,1632452133.0550742,1632452133.593973,1632452134.164408,1632452134.828148,1632452135.3692205,1632452135.9039454,1632452136.4211297,1632452137.0925243,1632452137.724488,1632452138.3111258,1632452138.8916519,1632452139.4714274,1632452140.0944555,1632452140.6780245,1632452141.1822238,1632452141.7982771,1632452142.3547213,1632452142.9821467,1632452143.6132812,1632452144.2060764,1632452144.81611,1632452145.3438315,1632452145.8799613,1632452146.4154983,1632452147.0372684,1632452147.645035,1632452148.238124,1632452148.7128193,1632452149.2479908,1632452149.7925131,1632452150.466433,1632452151.0997038,1632452151.7185748,1632452152.3405166,1632452152.8929114,1632452153.5443828,1632452154.1610765,1632452154.7687788,1632452155.240167,1632452155.8915148,1632452156.5198681,1632452157.1651995,1632452157.744159,1632452158.40609,1632452159.0811327,1632452159.6494641,1632452160.172146,1632452160.6738806,1632452161.1573594,1632452161.766105,1632452162.3680103,1632452162.9122381,1632452163.4531407,1632452163.9867845,1632452164.5146594,1632452165.043557,1632452165.5982273,1632452166.1935608,1632452166.646366,1632452167.1838565,1632452167.7893836,1632452168.4174175,1632452169.0428689,1632452169.6233642,1632452170.2113776,1632452170.748175,1632452171.2834198,1632452171.828649,1632452172.4503744,1632452173.03201,1632452173.5847318,1632452174.2438667,1632452174.9465942,1632452175.554735,1632452176.1439154,1632452176.717161,1632452177.2990959,1632452177.8881884,1632452178.5263293,1632452179.1965628,1632452179.7415419,1632452180.3687222,1632452181.0124435,1632452181.6265385,1632452182.2464106,1632452182.7387338,1632452183.3876858,1632452183.9702795,1632452184.542155,1632452185.0751078,1632452185.702477,1632452186.3357074,1632452187.0348845,1632452187.6783857,1632452188.2942715,1632452188.8944163,1632452189.4903586,1632452190.0999422,1632452190.7042005,1632452191.3268886,1632452191.8959997,1632452192.557461,1632452193.273835,1632452193.903675,1632452194.5425699,1632452195.2445405,1632452195.806339,1632452196.552499,1632452197.1665666,1632452197.7531576,1632452198.38676,1632452199.0393786,1632452199.7508554,1632452200.496215,1632452201.120078,1632452201.8054683,1632452202.381337,1632452203.0115774,1632452203.6376548,1632452204.3357773,1632452205.0796309,1632452205.71298,1632452206.358224,1632452206.9339485,1632452207.6937413,1632452208.3700662,1632452209.0428238,1632452209.7641006,1632452210.5048711,1632452211.1686707,1632452211.88709,1632452212.5052974,1632452213.2003207,1632452213.892635,1632452214.5304081,1632452215.1610022,1632452215.7570107,1632452216.5257845,1632452217.2237582,1632452217.841372,1632452218.4570107,1632452219.089939,1632452219.8043616,1632452220.5246,1632452221.3506486,1632452222.0361054,1632452222.6923769,1632452223.3525667,1632452223.9745133,1632452224.5974026,1632452225.2938814,1632452225.8660607,1632452226.412336,1632452226.8809993,1632452227.4236727,1632452227.965291,1632452228.5094483,1632452229.04862,1632452229.6045237,1632452230.1439602,1632452230.880837,1632452231.5765698,1632452232.220288,1632452232.8426244,1632452233.4709232,1632452234.0970676,1632452234.7262998,1632452235.350877,1632452236.0053198,1632452236.537155,1632452237.071156,1632452237.621764,1632452238.2455854,1632452238.7828918,1632452239.3264017,1632452239.8448393,1632452240.3865838,1632452240.924115,1632452241.5388396,1632452242.0953877,1632452242.6798503,1632452243.247462,1632452243.900177,1632452244.5800993,1632452245.2800624,1632452245.8625343,1632452246.6046379,1632452247.2178974,1632452247.8990335,1632452248.5242255,1632452249.054121,1632452249.5906906,1632452250.1272867,1632452250.7566109,1632452251.3736663,1632452251.980474,1632452252.6748765,1632452253.302721,1632452253.8420193,1632452254.373136,1632452254.9051635,1632452255.4903443,1632452256.150035,1632452256.765003,1632452257.3124046,1632452257.9314811,1632452258.4754713,1632452259.1107972,1632452259.6665142,1632452260.1860187,1632452260.7221344,1632452261.351032,1632452261.931772,1632452262.5510533,1632452263.2508283,1632452263.8837085,1632452264.4540944,1632452264.9837153,1632452265.519539,1632452266.1374094,1632452266.756245,1632452267.3206577,1632452268.0490344,1632452268.5816965,1632452269.1114748,1632452269.7505517,1632452270.3109522,1632452271.047536,1632452271.7144103,1632452272.3052976,1632452272.9291341,1632452273.5350063,1632452274.1990778,1632452274.8895166,1632452275.5288625,1632452276.0868149,1632452276.688562,1632452277.2999644,1632452277.901962,1632452278.5096684,1632452279.1237926,1632452279.6758757,1632452280.290148,1632452280.9139018,1632452281.5176222,1632452282.0491738,1632452282.6353347,1632452283.2514782,1632452283.9149828,1632452284.5814352,1632452285.3435915,1632452286.1276996,1632452286.6968374,1632452287.2866263,1632452287.863811,1632452288.4838336,1632452289.0745764,1632452289.7215357,1632452290.3695722,1632452291.022301,1632452291.5867252,1632452292.1966486,1632452292.7678185,1632452293.4753947,1632452294.1708813,1632452294.8465238,1632452295.547846,1632452296.1057198,1632452296.8171384,1632452297.4921825,1632452298.1671066,1632452298.6721299,1632452299.1964362,1632452299.9069579,1632452300.7666588,1632452301.355063,1632452302.091957,1632452302.7333431,1632452303.5052223,1632452304.1920636,1632452304.9135425,1632452305.5314012,1632452306.2921922,1632452307.040247,1632452307.6613438,1632452308.273766,1632452308.884348,1632452309.5849333,1632452310.185292,1632452310.7944353,1632452311.470485,1632452312.0339828,1632452312.5811377,1632452313.2911057,1632452313.8603547,1632452314.6186516,1632452315.2280974,1632452315.9115546,1632452316.6102843,1632452317.289514,1632452317.8784485,1632452318.4937162,1632452319.1700528,1632452319.7862253,1632452320.3444426,1632452321.0353987,1632452321.8506796,1632452322.5009873,1632452323.1397018,1632452323.6644094,1632452324.306685,1632452324.9266686,1632452325.570035,1632452326.3219945,1632452326.9313366,1632452327.6380196,1632452328.1708345,1632452328.8293228,1632452329.5763392,1632452330.3936164,1632452330.9399815,1632452331.6227179,1632452332.3187454,1632452332.99973,1632452333.664068,1632452334.2876487,1632452334.8618796,1632452335.5102098,1632452336.1927214,1632452336.7846274,1632452337.4221077,1632452338.1467924,1632452338.840158,1632452339.4988246,1632452340.1115584,1632452340.637736,1632452341.2499566,1632452341.8593569,1632452342.5468495,1632452343.180809,1632452343.79295,1632452344.4015937,1632452345.0150611,1632452345.6005232,1632452346.26035,1632452346.8165035,1632452347.3520179,1632452347.9838464,1632452348.528927,1632452349.0645123,1632452349.6048326,1632452350.1361825,1632452350.679806,1632452351.3144586,1632452351.8533404,1632452352.3897896,1632452352.966873,1632452353.5007777,1632452354.0370033,1632452354.628594,1632452355.1919923,1632452355.737709,1632452356.3331828,1632452356.9609551,1632452357.493617,1632452358.013949,1632452358.5346851,1632452359.0506191,1632452359.573855,1632452360.0956275,1632452360.654838,1632452361.176478,1632452361.747966,1632452362.3188543,1632452362.8573499,1632452363.3927698,1632452363.9325194,1632452364.582483,1632452365.1097348,1632452365.632106,1632452366.1352935,1632452366.6143475,1632452367.1704483,1632452367.7885141,1632452368.3686924,1632452368.967947,1632452369.5309522,1632452370.062239,1632452370.6101897,1632452371.2185056,1632452371.8281443,1632452372.4373631,1632452373.0495508,1632452373.5823472,1632452374.1173124,1632452374.6469045,1632452375.2672565,1632452375.7970464,1632452376.4259164,1632452376.9535341,1632452377.525467,1632452378.055878,1632452378.592072,1632452379.1190307,1632452379.6487243,1632452380.257437,1632452380.8238008,1632452381.3496096,1632452381.8827837,1632452382.4053636,1632452382.9386482,1632452383.461987,1632452383.9888842,1632452384.5232725,1632452385.0533614,1632452385.576738,1632452386.0996404,1632452386.621695,1632452387.1395605,1632452387.6813817,1632452388.2150297,1632452388.7402492,1632452389.2641969,1632452389.7829478,1632452390.3123372,1632452390.866441,1632452391.4670994,1632452392.025569,1632452392.5734334,1632452393.1050935,1632452393.7170932,1632452394.2426498,1632452394.767539,1632452395.287161,1632452395.834464,1632452396.4400349,1632452397.0947058,1632452397.7477734,1632452398.4081497,1632452399.0284145,1632452399.646298,1632452400.3004494,1632452400.9579685,1632452401.517094,1632452402.1686208,1632452402.8150697,1632452403.5066626,1632452404.1028514,1632452404.700378,1632452405.4428093,1632452406.089642,1632452406.716715,1632452407.392893,1632452407.9728768,1632452408.633152,1632452409.3591065,1632452410.0269616,1632452410.6751623,1632452411.2939034,1632452411.9911463,1632452412.4982963,1632452413.076384,1632452413.8546426,1632452414.418954,1632452414.9875858,1632452415.5086234,1632452416.1645255,1632452416.7688537,1632452417.4473193,1632452418.1938574,1632452418.8040257,1632452419.4096916,1632452420.0147443,1632452420.667076,1632452421.2895977,1632452421.930844,1632452422.5965433,1632452423.2024732,1632452423.8917644,1632452424.415209,1632452425.0242362,1632452425.638772,1632452426.2488635,1632452426.834573,1632452427.4741838,1632452428.1205404,1632452428.8611467,1632452429.4191196,1632452430.0358768,1632452430.7568097,1632452431.3361313,1632452431.9833376,1632452432.7291257,1632452433.44709,1632452434.0546873,1632452434.6758678,1632452435.341827,1632452435.9572628,1632452436.5799296,1632452437.1965883,1632452437.7768433,1632452438.469985,1632452439.0509133,1632452439.7395618,1632452440.4114912,1632452441.1429405,1632452441.7595978,1632452442.3691108,1632452442.9755304,1632452443.4984174,1632452444.3746212,1632452445.0565052,1632452445.7210045,1632452446.3266604,1632452446.9855387,1632452447.5752711,1632452448.235384,1632452448.7711535,1632452449.323063,1632452449.9869096,1632452450.6526475,1632452451.319345,1632452451.9112651,1632452452.6377409,1632452453.3304029,1632452453.971761,1632452454.6331613,1632452455.3154871,1632452456.0668128,1632452456.63529,1632452457.2615368,1632452457.870245,1632452458.4762518,1632452459.0436401,1632452459.7038648,1632452460.3230767,1632452460.8303177,1632452461.408872,1632452462.0381312,1632452462.6095893,1632452463.2201836,1632452463.8661847,1632452464.4926171,1632452465.31933,1632452466.029109,1632452466.6554165,1632452467.2914138,1632452467.891416,1632452468.5471475,1632452469.275457,1632452469.9224813,1632452470.5349088,1632452471.1304727,1632452471.8214154,1632452472.4745877,1632452473.0398893,1632452473.6312277,1632452474.426646,1632452474.977893,1632452475.6214247,1632452476.1892595,1632452476.796078,1632452477.472213,1632452478.1307642,1632452478.6861975,1632452479.284366,1632452479.9017618,1632452480.5738728,1632452481.0617478,1632452481.693383,1632452482.363137,1632452482.9886255,1632452483.5853212,1632452484.2386885,1632452484.83264,1632452485.563386,1632452486.1636775,1632452486.882159,1632452487.5829623,1632452488.284726,1632452488.9087958,1632452489.4580247,1632452490.0291562,1632452490.5990167,1632452491.2699583,1632452491.9306593,1632452492.5409267,1632452493.243933,1632452493.984891,1632452494.5566714,1632452495.1770523,1632452495.7538877,1632452496.304176,1632452496.947967,1632452497.5873957,1632452498.2003393,1632452498.8138835,1632452499.420406,1632452500.1152124,1632452500.7197587,1632452501.331839,1632452501.9358184,1632452502.4964752,1632452503.1259205,1632452503.8524036,1632452504.4890926,1632452505.113505,1632452505.6795373,1632452506.380529,1632452506.9209967,1632452507.4897184,1632452508.20976,1632452508.865554,1632452509.4823916,1632452510.0672767,1632452510.660349,1632452511.3745742,1632452512.038428,1632452512.6684675,1632452513.332941,1632452513.9993575,1632452514.632038,1632452515.2766979,1632452516.0190098,1632452516.7533607,1632452517.1987298,1632452517.811023,1632452518.4309213,1632452519.1197615,1632452519.7524865,1632452520.4321096,1632452521.0516994,1632452521.690722,1632452522.2574987,1632452522.9262836,1632452523.6722872,1632452524.3879454,1632452524.9642975,1632452525.6583006,1632452526.3204536,1632452527.0723171,1632452527.8290286,1632452528.5340083,1632452529.1706116,1632452529.7797287,1632452530.3389487,1632452530.851572,1632452531.4523904,1632452532.0696492,1632452532.6750898,1632452533.3399878,1632452533.9558733,1632452534.5682554,1632452535.251733,1632452535.889705,1632452536.4949787,1632452537.1883996,1632452537.8888605,1632452538.4976215,1632452539.0809617,1632452539.7228987,1632452540.3296373,1632452540.942441,1632452541.51597,1632452542.1246047,1632452542.82501,1632452543.5739236,1632452544.1761942,1632452544.8321216,1632452545.423139,1632452545.951367,1632452546.5584881,1632452547.2168005,1632452547.8362284,1632452548.3803327,1632452548.9899807,1632452549.672908,1632452550.3407943,1632452550.9526298,1632452551.6103723,1632452552.3086703,1632452553.0700078,1632452553.5613422,1632452554.2152646,1632452554.909225,1632452555.5239828,1632452556.1440804,1632452556.77529,1632452557.3876758,1632452557.992996,1632452558.6332538,1632452559.205452,1632452559.8166277,1632452560.5254784,1632452561.0685925,1632452561.8423712,1632452562.529929,1632452563.1722133,1632452563.8307476,1632452564.5321376,1632452565.1592925,1632452565.8822656,1632452566.5825796,1632452567.2092474,1632452568.007308,1632452568.778271,1632452569.5439966,1632452570.2699409,1632452570.9267766,1632452571.562223,1632452572.3481152,1632452573.0444086,1632452573.7389846,1632452574.3768294,1632452574.994452,1632452575.6002924,1632452576.192879,1632452576.7841814,1632452577.4324696,1632452578.0331562,1632452578.709041,1632452579.2879088,1632452579.9837465,1632452580.5501697,1632452581.339183,1632452581.9761562,1632452582.6376376,1632452583.2179532,1632452583.8655207,1632452584.5558512,1632452585.29309,1632452585.91143,1632452586.5704737,1632452587.185237,1632452587.7835503,1632452588.3215518,1632452588.880127,1632452589.5180473,1632452590.1001348,1632452590.733806,1632452591.3818827,1632452591.9931297,1632452592.6768572,1632452593.3316424,1632452593.9871984,1632452594.6047666,1632452595.2991056,1632452595.9594028,1632452596.5703516,1632452597.3181245,1632452597.9267006,1632452598.541951,1632452599.0955539,1632452599.7169168,1632452600.2669024,1632452600.8024974,1632452601.4677522,1632452602.1295946,1632452602.6754277,1632452603.436831,1632452604.0748644,1632452604.785275,1632452605.4089756,1632452606.0254529,1632452606.6421008,1632452607.2563932,1632452607.9868448,1632452608.4422247,1632452609.0194583,1632452609.6242137,1632452610.3421457,1632452611.057167,1632452611.7523866,1632452612.339613,1632452613.0379858,1632452613.7567687,1632452614.558436,1632452615.2194896,1632452615.9242747,1632452616.518235,1632452616.9841993,1632452617.5545535,1632452618.1424568,1632452618.742537,1632452619.3456664,1632452620.0242102,1632452620.6499536,1632452621.230715,1632452621.909385,1632452622.4874609,1632452623.0593188,1632452623.6690767,1632452624.1958346,1632452624.8065,1632452625.4275718,1632452626.0497956,1632452626.6398814,1632452627.2918942,1632452627.9554055,1632452628.6377032,1632452629.2888603,1632452629.9310038,1632452630.6233761,1632452631.3088815,1632452632.0880666,1632452632.7752125,1632452633.4393685,1632452634.012019,1632452634.7370422,1632452635.3876057,1632452635.9719334,1632452636.530535,1632452637.1462283,1632452637.7754893,1632452638.4261496,1632452639.0363884,1632452639.6600072,1632452640.30044,1632452640.9169085,1632452641.5236976,1632452642.1533988,1632452642.8339474,1632452643.3745534,1632452643.9305015,1632452644.4763868,1632452645.06888,1632452645.6901307,1632452646.3303297,1632452646.913035,1632452647.6422665,1632452648.2722888,1632452648.889076,1632452649.5381098,1632452650.1818817,1632452650.8304691,1632452651.4651618,1632452651.947504,1632452652.5246894,1632452653.111246,1632452653.7221003,1632452654.341926,1632452655.0284362,1632452655.710389,1632452656.2026176,1632452656.81107,1632452657.3704922,1632452657.993132,1632452658.6437452,1632452659.293679,1632452659.8234684,1632452660.4382422,1632452661.118764,1632452661.6965764,1632452662.3828762,1632452662.8856108,1632452663.5694108,1632452664.1407845,1632452664.7805676,1632452665.4025376,1632452666.0429645,1632452666.636812,1632452667.2922728,1632452667.891457,1632452668.4246118,1632452669.071935,1632452669.7233396,1632452670.3405986,1632452670.904338,1632452671.5247917,1632452672.1437938,1632452672.7814274,1632452673.456613,1632452674.123999,1632452674.7832894,1632452675.4733322,1632452676.088552,1632452676.6327841,1632452677.375901,1632452677.9478457,1632452678.5645816,1632452679.4115994,1632452680.0667489,1632452680.804623,1632452681.427285,1632452682.0859723,1632452682.6810555,1632452683.2631922,1632452683.8217256,1632452684.3809464,1632452684.9292538,1632452685.4601834,1632452686.133454,1632452686.7488017,1632452687.322693,1632452687.9539778,1632452688.6666145,1632452689.353647,1632452689.9988403,1632452690.6819682,1632452691.285881,1632452691.9266288,1632452692.5874913,1632452693.201899,1632452693.850639,1632452694.5826256,1632452695.2652261,1632452695.9499428,1632452696.5897987,1632452697.2136784,1632452697.879949,1632452698.6443908,1632452699.3439326,1632452700.0259655,1632452700.645529,1632452701.2973828,1632452701.9425929,1632452702.6173809,1632452703.161255,1632452703.8430088,1632452704.4758003,1632452705.0572178,1632452705.630975,1632452706.2470233,1632452706.9437163,1632452707.6966667,1632452708.4197402,1632452709.1090536,1632452709.7461092,1632452710.377734,1632452711.0325625,1632452711.692763,1632452712.3525486,1632452713.040394,1632452713.5638912,1632452714.2482095,1632452714.869418,1632452715.413449,1632452716.159264,1632452716.7766385,1632452717.4009712,1632452718.0145953,1632452718.6713116,1632452719.3960888,1632452719.948675,1632452720.5342934,1632452721.1528635,1632452721.7931068,1632452722.3425412,1632452722.948326,1632452723.6393201,1632452724.2796817,1632452724.8967512,1632452725.684899,1632452726.3395727,1632452727.028477,1632452727.673489,1632452728.2840195,1632452728.9144056,1632452729.5069704,1632452730.155518,1632452730.763899,1632452731.461992,1632452732.0734053,1632452732.7396111,1632452733.2766597,1632452733.9005423,1632452734.629039,1632452735.2849581,1632452735.8826537,1632452736.5827045,1632452737.3930082,1632452738.0864658,1632452738.5997143,1632452739.3265834,1632452739.9589238,1632452740.7048125,1632452741.3236122,1632452741.9397967,1632452742.7206883,1632452743.3547966,1632452744.0218604,1632452744.636553,1632452745.3296704,1632452745.9626255,1632452746.5529583,1632452747.121611,1632452747.7984068,1632452748.3295524,1632452749.011919,1632452749.6692107,1632452750.3346424,1632452750.9787698,1632452751.6905122,1632452752.3353498,1632452753.0284514,1632452753.6709878,1632452754.3715522,1632452755.002987,1632452755.6976366,1632452756.3351583,
ep_zeta,value,0.10959341377019882,0.1298673152923584,0.0658239796757698,0.10224205255508423,0.0330766886472702,0.04868219792842865,0.06795855611562729,0.12820518016815186,0.12370478361845016,0.009677908383309841,0.1257166713476181,0.05023042857646942,0.08089105784893036,0.03352426365017891,0.09264180064201355,0.02202005870640278,0.07694362848997116,0.08691015094518661,0.051026564091444016,0.013990884646773338,0.0246262289583683,0.007784323301166296,0.10974523425102234,0.13199248909950256,0.1138797402381897,0.06374815851449966,0.06787746399641037,0.10628126561641693,0.13036566972732544,0.1381305754184723,0.017858117818832397,0.0605185367166996,0.08670328557491302,0.10955225676298141,0.11702971160411835,0.05243845656514168,0.09366964548826218,0.09399770945310593,0.07452721148729324,0.04492155462503433,0.06964042037725449,0.015357261523604393,0.11097599565982819,0.046505123376846313,0.05952629819512367,0.12213411927223206,0.01489299163222313,0.04567863419651985,0.04729494825005531,0.058903083205223083,0.05944441258907318,0.09836588054895401,0.1049206554889679,0.08967927098274231,0.05556241422891617,0.09042973071336746,0.015422241762280464,0.011335751041769981,0.03121064230799675,0.09380627423524857,0.03471805155277252,0.11530501395463943,0.13328617811203003,0.04150410369038582,0.03067925199866295,0.07085885107517242,0.07464301586151123,0.056443553417921066,0.0651993677020073,0.04086529091000557,0.01748991571366787,0.037786755710840225,0.10386405885219574,0.0451471284031868,0.0534440279006958,0.04405415430665016,0.12054795026779175,0.0973813533782959,0.07187512516975403,0.05773656442761421,0.10229231417179108,0.13839514553546906,0.045719366520643234,0.07671333104372025,0.1338615119457245,0.07869203388690948,0.12599854171276093,0.07441359013319016,0.13269928097724915,0.008060680702328682,0.11691005527973175,0.03661080449819565,0.06665054708719254,0.1365363746881485,0.07356259226799011,0.08606813848018646,0.0757267102599144,0.07280991971492767,0.09392238408327103,0.0723438709974289,0.07522085309028625,0.07522085309028625,0.07551014423370361,0.07551014423370361,0.07578985393047333,0.07578985393047333,0.07567613571882248,0.07567613571882248,0.07545456290245056,0.07545456290245056,0.07517014443874359,0.07517014443874359,0.07480461150407791,0.07480461150407791,0.074374258518219,0.074374258518219,0.07390764355659485,0.07390764355659485,0.07337640970945358,0.07337640970945358,0.07276880741119385,0.07276880741119385,0.0719793364405632,0.0719793364405632,0.07099773734807968,0.07099773734807968,0.06984886527061462,0.06984886527061462,0.06855153292417526,0.06855153292417526,0.06712935119867325,0.06712935119867325,0.06560779362916946,0.06560779362916946,0.06401260197162628,0.06401260197162628,0.06232857704162598,0.06232857704162598,0.06054515391588211,0.06054515391588211,0.05864286795258522,0.05864286795258522,0.05661687254905701,0.05661687254905701,0.05446086451411247,0.05446086451411247,0.052175186574459076,0.052175186574459076,0.04977629706263542,0.04977629706263542,0.04724704846739769,0.04724704846739769,0.04460645094513893,0.04460645094513893,0.04188242554664612,0.04188242554664612,0.03908960148692131,0.03908960148692131,0.03624322637915611,0.03624322637915611,0.0333678312599659,0.0333678312599659,0.030517296865582466,0.030517296865582466,0.027732497081160545,0.027732497081160545,0.025068609043955803,0.025068609043955803,0.02256760373711586,0.02256760373711586,0.02025984600186348,0.02025984600186348,0.018169699236750603,0.018169699236750603,0.016316093504428864,0.016316093504428864,0.014702366665005684,0.014702366665005684,0.013327282853424549,0.013327282853424549,0.012177331373095512,0.012177331373095512,0.011234568431973457,0.011234568431973457,0.010473433881998062,0.010473433881998062,0.009866371750831604,0.009866371750831604,0.00938691757619381,0.00938691757619381,0.00900988094508648,0.00900988094508648,0.008714078925549984,0.008714078925549984,0.008482147008180618,0.008482147008180618,0.008300196379423141,0.008300196379423141,0.008156894706189632,0.008156894706189632,0.008043794892728329,0.008043794892728329,0.007954135537147522,0.007954135537147522,0.00788259319961071,0.00788259319961071,0.007825268432497978,0.007825268432497978,0.0077790808863937855,0.0077790808863937855,0.007741639856249094,0.007741639856249094,0.007711078971624374,0.007711078971624374,0.007685965392738581,0.007685965392738581,0.007665185257792473,0.007665185257792473,0.007647872902452946,0.007647872902452946,0.007633360568434,0.007633360568434,0.007621109485626221,0.007621109485626221,0.007610701490193605,0.007610701490193605,0.007601805962622166,0.007601805962622166,0.007594157475978136,0.007594157475978136,0.007587555330246687,0.007587555330246687,0.007581822108477354,0.007581822108477354,0.007576825097203255,0.007576825097203255,0.007572447415441275,0.007572447415441275,0.0075685931369662285,0.0075685931369662285,0.007565193809568882,0.007565193809568882,0.007562180049717426,0.007562180049717426,0.007559492718428373,0.007559492718428373,0.007557086646556854,0.007557086646556854,0.007554925978183746,0.007554925978183746,0.007552974857389927,0.007552974857389927,0.007551208604127169,0.007551208604127169,0.007549603469669819,0.007549603469669819,0.007548138964921236,0.007548138964921236,0.007546795066446066,0.007546795066446066,0.007545563858002424,0.007545563858002424,0.007544433232396841,0.007544433232396841,0.007543387357145548,0.007543387357145548,0.007542413659393787,0.007542413659393787,0.007541512604802847,0.007541512604802847,0.007540671620517969,0.007540671620517969,0.007539886981248856,0.007539886981248856,0.007539150770753622,0.007539150770753622,0.007538458798080683,0.007538458798080683,0.007537806872278452,0.007537806872278452,0.007537187542766333,0.007537187542766333,0.0075365956872701645,0.0075365956872701645,0.007536032702773809,0.007536032702773809,0.007535493467003107,0.007535493467003107,0.0075349705293774605,0.0075349705293774605,0.007534471806138754,0.007534471806138754,0.007533988915383816,0.007533988915383816,0.007533521857112646,0.007533521857112646,0.007533067371696234,0.007533067371696234,0.00753262871876359,0.00753262871876359,0.0075321984477341175,0.0075321984477341175,0.007531784009188414,0.007531784009188414,0.00753138167783618,0.00753138167783618,0.007530983537435532,0.007530983537435532,0.007530597038567066,0.007530597038567066,0.007530218921601772,0.007530218921601772,0.007529844995588064,0.007529844995588064,0.007529478520154953,0.007529478520154953,0.007529116701334715,0.007529116701334715,0.0075287544168531895,0.0075287544168531895,0.007528400514274836,0.007528400514274836,0.007528046146035194,0.007528046146035194,0.0075276922434568405,0.0075276922434568405,0.007527342066168785,0.007527342066168785,0.007526992354542017,0.007526992354542017,0.007526646368205547,0.007526646368205547,0.007526304107159376,0.007526304107159376,0.007525966502726078,0.007525966502726078,0.007525628432631493,0.007525628432631493,0.007525294553488493,0.007525294553488493,0.007524964399635792,0.007524964399635792,0.007524634711444378,0.007524634711444378,0.007524304557591677,0.007524304557591677,0.007523978594690561,0.007523978594690561,0.007523653097450733,0.007523653097450733,0.007523327134549618,0.007523327134549618,0.007523005362600088,0.007523005362600088,0.007522687315940857,0.007522687315940857,0.007522365543991327,0.007522365543991327,0.007522051688283682,0.007522051688283682,0.007521733641624451,0.007521733641624451,0.007521419785916805,0.007521419785916805,0.00752110593020916,0.00752110593020916,0.0075207962654531,0.0075207962654531,0.007520482409745455,0.007520482409745455,0.007520172744989395,0.007520172744989395,0.00751985888928175,0.00751985888928175,0.00751954922452569,0.00751954922452569,0.007519243285059929,0.007519243285059929,0.007518937345594168,0.007518937345594168,0.007518635597079992,0.007518635597079992,0.007518330123275518,0.007518330123275518,0.007518028374761343,0.007518028374761343,0.007517726626247168,0.007517726626247168,0.007517428603023291,0.007517428603023291,0.007517131045460701,0.007517131045460701,0.00751683721318841,0.00751683721318841,0.00751653965562582,0.00751653965562582,0.007516245823353529,0.007516245823353529,0.007515952456742525,0.007515952456742525,0.007515658624470234,0.007515658624470234,0.007515364792197943,0.007515364792197943,0.0075150709599256516,0.0075150709599256516,0.007514781318604946,0.007514781318604946,0.007514491677284241,0.007514491677284241,0.007514202035963535,0.007514202035963535,0.00751391239464283,0.00751391239464283,0.0075136227533221245,0.0075136227533221245,0.007513337302953005,0.007513337302953005,0.007513047661632299,0.007513047661632299,0.0075127617456018925,0.0075127617456018925,0.007512480020523071,0.007512480020523071,0.007512194570153952,0.007512194570153952,0.0075119128450751305,0.0075119128450751305,0.007511627394706011,0.007511627394706011,0.00751134566962719,0.00751134566962719,0.0075110639445483685,0.0075110639445483685,0.007510782219469547,0.007510782219469547,0.007510500494390726,0.007510500494390726,0.007510219234973192,0.007510219234973192,0.0075099412351846695,0.0075099412351846695,0.007509663701057434,0.007509663701057434,0.0075093903578817844,0.0075093903578817844,0.007509120739996433,0.007509120739996433,0.007508859038352966,0.007508859038352966,0.007508597802370787,0.007508597802370787,0.00750834820792079,0.00750834820792079,0.0075081028044223785,0.0075081028044223785,0.007507865317165852,0.007507865317165852,0.007507636211812496,0.007507636211812496,0.007507415022701025,0.007507415022701025,0.0075072054751217365,0.0075072054751217365,0.00750700430944562,0.00750700430944562,0.007506819441914558,0.007506819441914558,0.00750664621591568,0.00750664621591568,0.007506489288061857,0.007506489288061857,0.0075063565745949745,0.0075063565745949745,0.007506248075515032,0.007506248075515032,0.007506179623305798,0.007506179623305798,0.007506163325160742,0.007506163325160742,0.007506215944886208,0.007506215944886208,0.007506352849304676,0.007506352849304676,0.007506589870899916,0.007506589870899916,0.007506944239139557,0.007506944239139557,0.007507422938942909,0.007507422938942909,0.007508006412535906,0.007508006412535906,0.007508613634854555,0.007508613634854555,0.0075091891922056675,0.0075091891922056675,0.007509889081120491,0.007509889081120491,0.00751061737537384,0.00751061737537384,0.007511341478675604,0.007511341478675604,0.007512017618864775,0.007512017618864775,0.00751258060336113,0.00751258060336113,0.007513136137276888,0.007513136137276888,0.007513707038015127,0.007513707038015127,0.007514314725995064,0.007514314725995064,0.007514990866184235,0.007514990866184235,0.007515739183872938,0.007515739183872938,0.007516555953770876,0.007516555953770876,0.007517449092119932,0.007517449092119932,0.007518410682678223,0.007518410682678223,0.007519432343542576,0.007519432343542576,0.007520514540374279,0.007520514540374279,0.0075216530822217464,0.0075216530822217464,0.007522827945649624,0.007522827945649624,0.007524014916270971,0.007524014916270971,0.00752514973282814,0.00752514973282814,0.007526211906224489,0.007526211906224489,0.007527181413024664,0.007527181413024664,0.007527817040681839,0.007527817040681839,0.007528199348598719,0.007528199348598719,0.007528319954872131,0.007528319954872131,0.007528412621468306,0.007528412621468306,0.0075284927152097225,0.0075284927152097225,0.007528573274612427,0.007528573274612427,0.007528658024966717,0.007528658024966717,0.0075287544168531895,0.0075287544168531895,0.007528875023126602,0.007528875023126602,0.007529016118496656,0.007529016118496656,0.007529168855398893,0.007529168855398893,0.007529325783252716,0.007529325783252716,0.007529466412961483,0.007529466412961483,0.007529325783252716,0.007529325783252716,0.007528955582529306,0.007528955582529306,0.007528609596192837,0.007528609596192837,0.007528275717049837,0.007528275717049837,0.007527949754148722,0.007527949754148722,0.007527635898441076,0.007527635898441076,0.007527334149926901,0.007527334149926901,0.007527048699557781,0.007527048699557781,0.00752677908167243,0.00752677908167243,0.007526513654738665,0.007526513654738665,0.007526046596467495,0.007526046596467495,0.007525612134486437,0.007525612134486437,0.007525209803134203,0.007525209803134203,0.007524827495217323,0.007524827495217323,0.007524252403527498,0.007524252403527498,0.00752373319119215,0.00752373319119215,0.0075232828967273235,0.0075232828967273235,0.00752289267256856,0.00752289267256856,0.007522566709667444,0.007522566709667444,0.007522297091782093,0.007522297091782093,0.00752206752076745,0.00752206752076745,0.007521870546042919,0.007521870546042919,0.0075214761309325695,0.0075214761309325695,0.007520908955484629,0.007520908955484629,0.0075204260647296906,0.0075204260647296906,0.0075200279243290424,0.0075200279243290424,0.007519709877669811,0.007519709877669811,0.007519468665122986,0.007519468665122986,0.007519291713833809,0.007519291713833809,0.00751917902380228,0.00751917902380228,0.007519110571593046,0.007519110571593046,0.007519086357206106,0.007519086357206106,0.007519090548157692,0.007519090548157692,0.007518848869949579,0.007518848869949579,0.007518398575484753,0.007518398575484753,0.007518036291003227,0.007518036291003227,0.007517750840634108,0.007517750840634108,0.007517541293054819,0.007517541293054819,0.007517396472394466,0.007517396472394466,0.007517312187701464,0.007517312187701464,0.007517272140830755,0.007517272140830755,0.007517263758927584,0.007517263758927584,0.0075172800570726395,0.0075172800570726395,0.007517026271671057,0.007517026271671057,0.00751682510599494,0.00751682510599494,0.007516672369092703,0.007516672369092703,0.00751656387001276,0.00751656387001276,0.007516495417803526,0.007516495417803526,0.0075164553709328175,0.0075164553709328175,0.007516189478337765,0.007516189478337765,0.0075159682892262936,0.0075159682892262936,0.007515787146985531,0.007515787146985531,0.007515654433518648,0.007515654433518648,0.0075155580416321754,0.0075155580416321754,0.0075154975056648254,0.0075154975056648254,0.007515239994972944,0.007515239994972944,0.007515035104006529,0.007515035104006529,0.007514878176152706,0.007514878176152706,0.007514765486121178,0.007514765486121178,0.007514692842960358,0.007514692842960358,0.0075144353322684765,0.0075144353322684765,0.007514242548495531,0.007514242548495531,0.007514101453125477,0.007514101453125477,0.007514017168432474,0.007514017168432474,0.00751397293061018,0.00751397293061018,0.007513755466789007,0.007513755466789007,0.007513377349823713,0.007513377349823713,0.007513079792261124,0.007513079792261124,0.007512862328439951,0.007512862328439951,0.007512717507779598,0.007512717507779598,0.0075126453302800655,0.0075126453302800655,0.0075126332230865955,0.0075126332230865955,0.007512669079005718,0.007512669079005718,0.007512745913118124,0.007512745913118124,0.007512854412198067,0.007512854412198067,0.007512987125664949,0.007512987125664949,0.007513144053518772,0.007513144053518772,0.007513107731938362,0.007513107731938362,0.007512902375310659,0.007512902375310659,0.007512745913118124,0.007512745913118124,0.00751264113932848,0.00751264113932848,0.0075125847943127155,0.0075125847943127155,0.0075125726871192455,0.0075125726871192455,0.0075125969015061855,0.0075125969015061855,0.007512661162763834,0.007512661162763834,0.0075125242583453655,0.0075125242583453655,0.007512432057410479,0.007512432057410479,0.007512379437685013,0.007512379437685013,0.007512371521443129,0.007512371521443129,0.007512395735830069,0.007512395735830069,0.00751223461702466,0.00751223461702466,0.007512126117944717,0.007512126117944717,0.007512061856687069,0.007512061856687069,0.007512037642300129,0.007512037642300129,0.007511832285672426,0.007511832285672426,0.007511683739721775,0.007511683739721775,0.007511586882174015,0.007511586882174015,0.007511538919061422,0.007511538919061422,0.007511542644351721,0.007511542644351721,0.007511594798415899,0.007511594798415899,0.007511470466852188,0.007511470466852188,0.007511188741773367,0.007511188741773367,0.007510979659855366,0.007510979659855366,0.007510830648243427,0.007510830648243427,0.007510737981647253,0.007510737981647253,0.007510713767260313,0.007510713767260313,0.007510774303227663,0.007510774303227663,0.00751090282574296,0.00751090282574296,0.007511071860790253,0.007511071860790253,0.007511257193982601,0.007511257193982601,0.007511253003031015,0.007511253003031015,0.007511083967983723,0.007511083967983723,0.00751097546890378,0.00751097546890378,0.0075109233148396015,0.0075109233148396015,0.00751091493293643,0.00751091493293643,0.007510947063565254,0.007510947063565254,0.00751101179048419,0.00751101179048419,0.0075111002661287785,0.0075111002661287785,0.0075110034085810184,0.0075110034085810184,0.00751095125451684,0.00751095125451684,0.007510955445468426,0.007510955445468426,0.00751101179048419,0.00751101179048419,0.00751089071854949,0.00751089071854949,0.007510810624808073,0.007510810624808073,0.007510762196034193,0.007510762196034193,0.007510754279792309,0.007510754279792309,0.007510778494179249,0.007510778494179249,0.007510645315051079,0.007510645315051079,0.00751056894659996,0.00751056894659996,0.007510339841246605,0.007510339841246605,0.007510182913392782,0.007510182913392782,0.007510098163038492,0.007510098163038492,0.0075100744143128395,0.0075100744143128395,0.007510110270231962,0.007510110270231962,0.007510207127779722,0.007510207127779722,0.007510351948440075,0.007510351948440075,0.007510323543101549,0.007510323543101549,0.007510134484618902,0.007510134484618902,0.007510018069297075,0.007510018069297075,0.007509957533329725,0.007509957533329725,0.007509961724281311,0.007509961724281311,0.007510018069297075,0.007510018069297075,0.007510118652135134,0.007510118652135134,0.007510259281843901,0.007510259281843901,0.007510231342166662,0.007510231342166662,0.007510046008974314,0.007510046008974314,0.007509933318942785,0.007509933318942785,0.007509881164878607,0.007509881164878607,0.007509893272072077,0.007509893272072077,0.007509957533329725,0.007509957533329725,0.0075100623071193695,0.0075100623071193695,0.007509993854910135,0.007509993854910135,0.007509981747716665,0.007509981747716665,0.007510021794587374,0.007510021794587374,0.007509893272072077,0.007509893272072077,0.0075098248198628426,0.0075098248198628426,0.0075098127126693726,0.0075098127126693726,0.007509844843298197,0.007509844843298197,0.007509917486459017,0.007509917486459017,0.007509820628911257,0.007509820628911257,0.007509772665798664,0.007509772665798664,0.0075097763910889626,0.0075097763910889626,0.007509820628911257,0.007509820628911257,0.007509695831686258,0.007509695831686258,0.007509627845138311,0.007509627845138311,0.007509603630751371,0.007509603630751371,0.007509615737944841,0.007509615737944841,0.007509470917284489,0.007509470917284489,0.007509381975978613,0.007509381975978613,0.007509349845349789,0.007509349845349789,0.0075093661434948444,0.0075093661434948444,0.007509422488510609,0.007509422488510609,0.007509313989430666,0.007509313989430666,0.0075092613697052,0.0075092613697052,0.007509257644414902,0.007509257644414902,0.007509096525609493,0.007509096525609493,0.0075090001337230206,0.0075090001337230206,0.0075089638121426105,0.0075089638121426105,0.007508983835577965,0.007508983835577965,0.007509056478738785,0.007509056478738785,0.007508968003094196,0.007508968003094196,0.007508738432079554,0.007508738432079554,0.007508597802370787,0.007508597802370787,0.007508541457355022,0.007508541457355022,0.007508557289838791,0.007508557289838791,0.007508637849241495,0.007508637849241495,0.007508778478950262,0.007508778478950262,0.007508971728384495,0.007508971728384495,0.007509008049964905,0.007509008049964905,0.0075089032761752605,0.0075089032761752605,0.007508863229304552,0.007508863229304552,0.0075088911689817905,0.0075088911689817905,0.007508971728384495,0.007508971728384495,0.007508899550884962,0.007508899550884962,0.007508895359933376,0.007508895359933376,0.007508947513997555,0.007508947513997555,0.007508851122111082,0.007508851122111082,0.007508814800530672,0.007508814800530672,0.007508839014917612,0.007508839014917612,0.007508911658078432,0.007508911658078432,0.007508831098675728,0.007508831098675728,0.007508609909564257,0.007508609909564257,0.007508465088903904,0.007508465088903904,0.007508392445743084,0.007508392445743084,0.007508380338549614,0.007508380338549614,0.007508424576371908,0.007508424576371908,0.007508525159209967,0.007508525159209967,0.007508674170821905,0.007508674170821905,0.007508871145546436,0.007508871145546436,0.0075091044418513775,0.0075091044418513775,0.0075091891922056675,0.0075091891922056675,0.007509136572480202,0.007509136572480202,0.007508955895900726,0.007508955895900726,0.007508851122111082,0.007508851122111082,0.007508823182433844,0.007508823182433844,0.007508863229304552,0.007508863229304552,0.0075089638121426105,0.0075089638121426105,0.007509108632802963,0.007509108632802963,
ep_zeta,wall_time,1632452133.0551016,1632452133.594002,1632452134.1644394,1632452134.8281782,1632452135.369249,1632452135.9039726,1632452136.421169,1632452137.0925505,1632452137.724515,1632452138.3111534,1632452138.8916786,1632452139.4714544,1632452140.0944822,1632452140.6780677,1632452141.1822636,1632452141.79832,1632452142.3547487,1632452142.9821756,1632452143.6133206,1632452144.2061036,1632452144.816136,1632452145.343859,1632452145.87999,1632452146.4155252,1632452147.0372972,1632452147.6450634,1632452148.2381625,1632452148.7128456,1632452149.248016,1632452149.7925527,1632452150.4664705,1632452151.0997303,1632452151.718605,1632452152.340544,1632452152.8929374,1632452153.5444105,1632452154.1611025,1632452154.7688162,1632452155.240209,1632452155.8915565,1632452156.5199075,1632452157.165239,1632452157.7441976,1632452158.4061272,1632452159.081173,1632452159.64949,1632452160.1721723,1632452160.6739187,1632452161.157386,1632452161.7661333,1632452162.3680387,1632452162.912266,1632452163.4531665,1632452163.9868114,1632452164.514687,1632452165.043585,1632452165.5982533,1632452166.193615,1632452166.6463919,1632452167.183885,1632452167.789413,1632452168.4174466,1632452169.0428987,1632452169.6233928,1632452170.211406,1632452170.7482033,1632452171.283448,1632452171.8286781,1632452172.4504025,1632452173.0320487,1632452173.5847695,1632452174.2439046,1632452174.9466233,1632452175.5547621,1632452176.1439424,1632452176.7171874,1632452177.2991335,1632452177.8882265,1632452178.526367,1632452179.1965883,1632452179.741568,1632452180.3687484,1632452181.0124707,1632452181.626564,1632452182.2464375,1632452182.7387717,1632452183.3877232,1632452183.97032,1632452184.5421839,1632452185.0751364,1632452185.7025058,1632452186.335749,1632452187.0349221,1632452187.6784234,1632452188.2943115,1632452188.894444,1632452189.490387,1632452190.0999708,1632452190.704229,1632452191.3269167,1632452191.896028,1632452192.557488,1632452193.2738738,1632452193.903713,1632452194.5425966,1632452195.2445672,1632452195.8063772,1632452196.5525396,1632452197.1666048,1632452197.7531958,1632452198.3867986,1632452199.0394182,1632452199.7508934,1632452200.4962425,1632452201.1201046,1632452201.805497,1632452202.381363,1632452203.0116045,1632452203.6376812,1632452204.3358047,1632452205.0796633,1632452205.7130184,1632452206.3582494,1632452206.9339752,1632452207.6937943,1632452208.3701053,1632452209.0428612,1632452209.7641268,1632452210.5049,1632452211.1687114,1632452211.887115,1632452212.5053248,1632452213.2003486,1632452213.8926637,1632452214.5304363,1632452215.161029,1632452215.7570517,1632452216.5258226,1632452217.223796,1632452217.8413997,1632452218.4570367,1632452219.0899653,1632452219.8043895,1632452220.524639,1632452221.3506868,1632452222.036146,1632452222.6924038,1632452223.3525944,1632452223.974541,1632452224.5974302,1632452225.2939103,1632452225.8660872,1632452226.4123769,1632452226.8810258,1632452227.4236999,1632452227.9653182,1632452228.5094776,1632452229.0486498,1632452229.6045496,1632452230.1439867,1632452230.8808744,1632452231.5766077,1632452232.220317,1632452232.842654,1632452233.4709525,1632452234.0970964,1632452234.7263284,1632452235.350905,1632452236.0053463,1632452236.5371826,1632452237.0711846,1632452237.621792,1632452238.2456145,1632452238.7829206,1632452239.3264427,1632452239.8448777,1632452240.3866105,1632452240.9241412,1632452241.53888,1632452242.0954278,1632452242.6798904,1632452243.2475007,1632452243.9002178,1632452244.5801554,1632452245.280092,1632452245.862561,1632452246.6046648,1632452247.2179413,1632452247.8990614,1632452248.5242536,1632452249.0541508,1632452249.5907187,1632452250.127314,1632452250.7566383,1632452251.3736935,1632452251.9805014,1632452252.6749055,1632452253.3027499,1632452253.8420463,1632452254.3731747,1632452254.9052026,1632452255.4903827,1632452256.150062,1632452256.765031,1632452257.3124332,1632452257.9315116,1632452258.4754996,1632452259.110838,1632452259.666555,1632452260.1860468,1632452260.7221608,1632452261.3510602,1632452261.9317994,1632452262.551082,1632452263.250857,1632452263.8837376,1632452264.4541209,1632452264.9837415,1632452265.519568,1632452266.1374376,1632452266.7562735,1632452267.3206851,1632452268.049063,1632452268.5817215,1632452269.111501,1632452269.750578,1632452270.310979,1632452271.0475645,1632452271.7144516,1632452272.3053262,1632452272.929175,1632452273.5350466,1632452274.199106,1632452274.8895473,1632452275.528895,1632452276.0868444,1632452276.688592,1632452277.2999935,1632452277.9019918,1632452278.5096967,1632452279.123822,1632452279.675904,1632452280.2901778,1632452280.9139318,1632452281.5176516,1632452282.049202,1632452282.6353633,1632452283.2515073,1632452283.9150424,1632452284.581474,1632452285.3436327,1632452286.1277523,1632452286.6968877,1632452287.2866533,1632452287.863838,1632452288.4838603,1632452289.0746167,1632452289.7215617,1632452290.3695982,1632452291.022329,1632452291.586752,1632452292.1966758,1632452292.7678478,1632452293.4754205,1632452294.170908,1632452294.8465524,1632452295.5478733,1632452296.1057577,1632452296.8171792,1632452297.4922104,1632452298.1671345,1632452298.6721692,1632452299.1964633,1632452299.9069965,1632452300.7666976,1632452301.3551016,1632452302.0919855,1632452302.7333708,1632452303.5052602,1632452304.1921031,1632452304.913568,1632452305.5314388,1632452306.2922187,1632452307.0402734,1632452307.6613705,1632452308.273792,1632452308.8843732,1632452309.5849597,1632452310.1853297,1632452310.7944753,1632452311.4705224,1632452312.0340083,1632452312.5811653,1632452313.291135,1632452313.8603928,1632452314.6187065,1632452315.2281358,1632452315.9115927,1632452316.6103132,1632452317.289542,1632452317.8784769,1632452318.4937441,1632452319.1700807,1632452319.786252,1632452320.344469,1632452321.0354364,1632452321.8507185,1632452322.5010152,1632452323.1397276,1632452323.6644366,1632452324.3067133,1632452324.9266942,1632452325.5700634,1632452326.3220222,1632452326.9313643,1632452327.6380475,1632452328.1708617,1632452328.8293495,1632452329.5763772,1632452330.3936422,1632452330.9400196,1632452331.6227555,1632452332.318783,1632452332.9997563,1632452333.6641068,1632452334.28769,1632452334.8619082,1632452335.5102367,1632452336.1927485,1632452336.7846556,1632452337.4221468,1632452338.14683,1632452338.8401847,1632452339.498854,1632452340.111587,1632452340.6377625,1632452341.2499838,1632452341.8593843,1632452342.5468776,1632452343.1808379,1632452343.792979,1632452344.4016228,1632452345.0150898,1632452345.6005516,1632452346.2603776,1632452346.8165314,1632452347.3520463,1632452347.9838746,1632452348.5289545,1632452349.0645406,1632452349.6048682,1632452350.1362116,1632452350.6798344,1632452351.3144858,1632452351.853369,1632452352.389818,1632452352.9669013,1632452353.5008063,1632452354.0370312,1632452354.628622,1632452355.192021,1632452355.7377377,1632452356.3332112,1632452356.9609933,1632452357.493655,1632452358.013989,1632452358.534726,1632452359.0506568,1632452359.5738933,1632452360.09567,1632452360.6548765,1632452361.1765335,1632452361.7479947,1632452362.3188827,1632452362.8573773,1632452363.3927977,1632452363.932547,1632452364.5825095,1632452365.1097724,1632452365.632144,1632452366.1353312,1632452366.6143773,1632452367.1705039,1632452367.7885544,1632452368.3687193,1632452368.9679751,1632452369.530978,1632452370.062266,1632452370.610216,1632452371.2185404,1632452371.8281717,1632452372.4373915,1632452373.0495796,1632452373.5823762,1632452374.1173413,1632452374.6469338,1632452375.2672858,1632452375.797075,1632452376.425944,1632452376.9535623,1632452377.5254953,1632452378.0559063,1632452378.592103,1632452379.1190596,1632452379.648753,1632452380.2574654,1632452380.8238292,1632452381.3496373,1632452381.8828115,1632452382.4053907,1632452382.938675,1632452383.4620135,1632452383.988923,1632452384.5233002,1632452385.0534022,1632452385.5767794,1632452386.0996804,1632452386.621735,1632452387.1395981,1632452387.681419,1632452388.2150679,1632452388.7402878,1632452389.2642343,1632452389.7829878,1632452390.312375,1632452390.866469,1632452391.4671264,1632452392.0255961,1632452392.5734613,1632452393.1051207,1632452393.7171195,1632452394.2426772,1632452394.767576,1632452395.2871993,1632452395.8345048,1632452396.4400744,1632452397.0947573,1632452397.7478113,1632452398.4081771,1632452399.0284557,1632452399.646337,1632452400.3004882,1632452400.9580066,1632452401.517132,1632452402.1686585,1632452402.8151073,1632452403.5066884,1632452404.1028893,1632452404.700416,1632452405.4428504,1632452406.0896866,1632452406.716742,1632452407.392933,1632452407.9729156,1632452408.6331904,1632452409.3591342,1632452410.026989,1632452410.675192,1632452411.2939322,1632452411.991175,1632452412.4983346,1632452413.076422,1632452413.8546984,1632452414.4189825,1632452414.9876125,1632452415.5086536,1632452416.1645548,1632452416.7688863,1632452417.4473732,1632452418.193884,1632452418.8040516,1632452419.4097188,1632452420.0147724,1632452420.6671019,1632452421.2896242,1632452421.9308715,1632452422.5965722,1632452423.2025013,1632452423.8917942,1632452424.4152355,1632452425.0242631,1632452425.6387994,1632452426.2488928,1632452426.8345993,1632452427.4742222,1632452428.1205783,1632452428.8611856,1632452429.4191601,1632452430.0359175,1632452430.756853,1632452431.3361702,1632452431.983377,1632452432.729163,1632452433.4471173,1632452434.054716,1632452434.675895,1632452435.341856,1632452435.957292,1632452436.5799582,1632452437.1966183,1632452437.776889,1632452438.4700255,1632452439.0509415,1632452439.7395892,1632452440.4115176,1632452441.1429665,1632452441.7596264,1632452442.3691382,1632452442.9755616,1632452443.498444,1632452444.3746486,1632452445.056531,1632452445.7210329,1632452446.3266878,1632452446.9855769,1632452447.5752988,1632452448.2354126,1632452448.771181,1632452449.323089,1632452449.9869502,1632452450.6526747,1632452451.3193831,1632452451.9113033,1632452452.637779,1632452453.3304436,1632452453.9717884,1632452454.6332,1632452455.3155172,1632452456.0668387,1632452456.635328,1632452457.2615795,1632452457.8702831,1632452458.47628,1632452459.0436778,1632452459.703921,1632452460.3231156,1632452460.8303597,1632452461.4089017,1632452462.038161,1632452462.6096191,1632452463.220212,1632452463.8662136,1632452464.492647,1632452465.319372,1632452466.0291364,1632452466.655444,1632452467.291452,1632452467.8914437,1632452468.547175,1632452469.2754831,1632452469.9225087,1632452470.5349357,1632452471.130514,1632452471.821441,1632452472.474626,1632452473.0399272,1632452473.6312797,1632452474.4266727,1632452474.977934,1632452475.6214664,1632452476.189287,1632452476.796117,1632452477.4722552,1632452478.1307905,1632452478.6862261,1632452479.284407,1632452479.9018002,1632452480.573912,1632452481.0617747,1632452481.6934228,1632452482.3631756,1632452482.9886518,1632452483.5853493,1632452484.238716,1632452484.8326702,1632452485.563425,1632452486.1637163,1632452486.882211,1632452487.582989,1632452488.2847822,1632452488.9088354,1632452489.4580526,1632452490.029183,1632452490.5990443,1632452491.2699869,1632452491.93069,1632452492.5409534,1632452493.2439716,1632452493.9849396,1632452494.5567088,1632452495.177091,1632452495.7539196,1632452496.3042023,1632452496.947993,1632452497.587422,1632452498.2003658,1632452498.81391,1632452499.4204316,1632452500.115239,1632452500.7197847,1632452501.3318653,1632452501.9358463,1632452502.4965017,1632452503.125947,1632452503.8524444,1632452504.4891312,1632452505.1135423,1632452505.6795654,1632452506.3805687,1632452506.9210231,1632452507.4897594,1632452508.209824,1632452508.8655946,1632452509.4824305,1632452510.0673168,1632452510.6604018,1632452511.374627,1632452512.038467,1632452512.66851,1632452513.3329802,1632452513.9993834,1632452514.6320796,1632452515.2767391,1632452516.0190647,1632452516.7533875,1632452517.1987557,1632452517.8110623,1632452518.43096,1632452519.1198032,1632452519.7525277,1632452520.432149,1632452521.05174,1632452521.6907609,1632452522.2575374,1632452522.9263368,1632452523.672326,1632452524.387973,1632452524.9643385,1632452525.6583388,1632452526.3204913,1632452527.0723453,1632452527.8290694,1632452528.53406,1632452529.1706405,1632452529.7797565,1632452530.338975,1632452530.8516111,1632452531.4524453,1632452532.0696774,1632452532.675121,1632452533.3400161,1632452533.955902,1632452534.5682836,1632452535.251761,1632452535.8897324,1632452536.4950056,1632452537.188452,1632452537.8889012,1632452538.4976475,1632452539.0809994,1632452539.7229304,1632452540.3296645,1632452540.942467,1632452541.5159974,1632452542.124631,1632452542.8250477,1632452543.5739505,1632452544.1762328,1632452544.8321605,1632452545.4231775,1632452545.9513958,1632452546.5585165,1632452547.2168298,1632452547.8362567,1632452548.3803604,1632452548.9900064,1632452549.6729372,1632452550.3408227,1632452550.952656,1632452551.6103997,1632452552.3086963,1632452553.0700498,1632452553.561384,1632452554.2153025,1632452554.9092512,1632452555.52401,1632452556.1441073,1632452556.775318,1632452557.3877027,1632452557.9930255,1632452558.633281,1632452559.2054777,1632452559.816654,1632452560.525532,1632452561.0686336,1632452561.8424091,1632452562.5299551,1632452563.1722414,1632452563.830776,1632452564.5321655,1632452565.1593332,1632452565.8823087,1632452566.5826206,1632452567.2092738,1632452568.007349,1632452568.778298,1632452569.5440388,1632452570.269966,1632452570.926803,1632452571.5622492,1632452572.3481438,1632452573.0444381,1632452573.7390237,1632452574.376874,1632452574.9944904,1632452575.6003294,1632452576.1929195,1632452576.784221,1632452577.4324973,1632452578.033184,1632452578.709069,1632452579.2879357,1632452579.9837732,1632452580.550197,1632452581.3392212,1632452581.9761865,1632452582.6376753,1632452583.21798,1632452583.8655612,1632452584.5558896,1632452585.293117,1632452585.9114687,1632452586.5705004,1632452587.1852632,1632452587.783589,1632452588.3216136,1632452588.8801627,1632452589.5180743,1632452590.1001647,1632452590.7338352,1632452591.3819115,1632452591.993158,1632452592.6768932,1632452593.3316693,1632452593.9872246,1632452594.6047924,1632452595.2991316,1632452595.95943,1632452596.5703895,1632452597.3181531,1632452597.9267268,1632452598.541989,1632452599.09558,1632452599.7169588,1632452600.2669287,1632452600.8025234,1632452601.4677896,1632452602.1296325,1632452602.6754546,1632452603.4368649,1632452604.074892,1632452604.785303,1632452605.409004,1632452606.0254817,1632452606.6421294,1632452607.25642,1632452607.9868822,1632452608.4422631,1632452609.0194857,1632452609.624242,1632452610.342174,1632452611.0572095,1632452611.752413,1632452612.339639,1632452613.0380232,1632452613.756823,1632452614.5584736,1632452615.2195284,1632452615.924316,1632452616.5182734,1632452616.9842277,1632452617.5545816,1632452618.142486,1632452618.7425656,1632452619.3456967,1632452620.0242407,1632452620.6499836,1632452621.2307444,1632452621.9094136,1632452622.4874892,1632452623.0593452,1632452623.669103,1632452624.1958604,1632452624.8065264,1632452625.4275982,1632452626.0498328,1632452626.6399195,1632452627.2919354,1632452627.9554446,1632452628.6377409,1632452629.2889006,1632452629.9310436,1632452630.6234035,1632452631.3089101,1632452632.0880966,1632452632.775241,1632452633.4394083,1632452634.012047,1632452634.7370725,1632452635.3876364,1632452635.971962,1632452636.5305626,1632452637.146264,1632452637.7755184,1632452638.426179,1632452639.0364175,1632452639.6600363,1632452640.3004708,1632452640.9169407,1632452641.5237255,1632452642.1534274,1632452642.833976,1632452643.3745806,1632452643.930528,1632452644.4764252,1632452645.0689075,1632452645.6901584,1632452646.3303676,1632452646.9130614,1632452647.6422935,1632452648.272317,1632452648.8891046,1632452649.5381527,1632452650.181921,1632452650.8304949,1632452651.4651892,1632452651.9475312,1632452652.5247169,1632452653.1112738,1632452653.7221391,1632452654.3419652,1632452655.0284934,1632452655.7104163,1632452656.2026577,1632452656.8111107,1632452657.3705318,1632452657.993173,1632452658.6437848,1632452659.293716,1632452659.8234963,1632452660.438281,1632452661.1187909,1632452661.696615,1632452662.382915,1632452662.8856492,1632452663.5694494,1632452664.1408238,1632452664.7805946,1632452665.4025774,1632452666.0430071,1632452666.6368568,1632452667.2923,1632452667.8914964,1632452668.4246387,1632452669.0719733,1632452669.723368,1632452670.3406255,1632452670.904368,1632452671.5248208,1632452672.1438372,1632452672.781467,1632452673.4566517,1632452674.124028,1632452674.783328,1632452675.4733596,1632452676.0885787,1632452676.632812,1632452677.3759296,1632452677.9478729,1632452678.5646093,1632452679.4116302,1632452680.0668037,1632452680.804662,1632452681.427327,1632452682.0860128,1632452682.681096,1632452683.2632327,1632452683.8217645,1632452684.3809855,1632452684.9292972,1632452685.4602113,1632452686.1334825,1632452686.7488284,1632452687.3227198,1632452687.9540064,1632452688.6666415,1632452689.353674,1632452689.998866,1632452690.6819944,1632452691.285908,1632452691.9266686,1632452692.587518,1632452693.2019272,1632452693.8506794,1632452694.5826526,1632452695.265253,1632452695.9499722,1632452696.5898268,1632452697.2137084,1632452697.8799763,1632452698.6444173,1632452699.3439715,1632452700.0260053,1632452700.645555,1632452701.297409,1632452701.9426208,1632452702.6174185,1632452703.1612804,1632452703.8430371,1632452704.4758286,1632452705.057256,1632452705.6310022,1632452706.24705,1632452706.943755,1632452707.6967077,1632452708.419778,1632452709.1090915,1632452709.7461355,1632452710.3777602,1632452711.0325892,1632452711.692802,1632452712.352575,1632452713.0404203,1632452713.563933,1632452714.248237,1632452714.869449,1632452715.413487,1632452716.1593027,1632452716.7766793,1632452717.4010084,1632452718.014633,1632452718.6713493,1632452719.3961263,1632452719.9487038,1632452720.534335,1632452721.152907,1632452721.7931478,1632452722.3425796,1632452722.948353,1632452723.6393573,1632452724.279708,1632452724.89679,1632452725.6849372,1632452726.3396103,1632452727.0285058,1632452727.6735165,1632452728.2840466,1632452728.9144318,1632452729.507003,1632452730.1555462,1632452730.7639258,1632452731.4620218,1632452732.0734348,1632452732.7396398,1632452733.2766867,1632452733.9005704,1632452734.6290672,1632452735.2849855,1632452735.8826797,1632452736.5827425,1632452737.393046,1632452738.086507,1632452738.5997407,1632452739.3266401,1632452739.9589624,1632452740.704839,1632452741.3236377,1632452741.9398232,1632452742.7207174,1632452743.354825,1632452744.0218892,1632452744.6365829,1632452745.3296986,1632452745.9626544,1632452746.5529861,1632452747.121637,1632452747.798436,1632452748.329578,1632452749.0119743,1632452749.6692631,1632452750.3346703,1632452750.978809,1632452751.6905386,1632452752.3353777,1632452753.0284815,1632452753.6710143,1632452754.3715806,1632452755.0030148,1632452755.6976748,1632452756.3351955,
rollout/ep_len_mean,value,,,,,1.0,,,,1.0,,,,1.0,,,,1.0,,,,1.0,,,,1.0,,,,1.0,,,,1.0,,,,1.0,,,,1.0,,,,1.0,,,,1.0,,,,1.0,,,,1.0,,,,1.0,,,,1.0,,,,1.0,,,,1.0,,,,1.0,,,,1.0,,,,1.0,,,,1.0,,,,1.0,,,,1.0,,,,1.0,,,,1.0,,,,1.0,,,,1.0,,,,1.0,,,,1.0,,,,1.0,,,,1.0,,,,1.0,,,,1.0,,,,1.0,,,,1.0,,,,1.0,,,,1.0,,,,1.0,,,,1.0,,,,1.0,,,,1.0,,,,1.0,,,,1.0,,,,1.0,,,,1.0,,,,1.0,,,,1.0,,,,1.0,,,,1.0,,,,1.0,,,,1.0,,,,1.0,,,,1.0,,,,1.0,,,,1.0,,,,1.0,,,,1.0,,,,1.0,,,,1.0,,,,1.0,,,,1.0,,,,1.0,,,,1.0,,,,1.0,,,,1.0,,,,1.0,,,,1.0,,,,1.0,,,,1.0,,,,1.0,,,,1.0,,,,1.0,,,,1.0,,,,1.0,,,,1.0,,,,1.0,,,,1.0,,,,1.0,,,,1.0,,,,1.0,,,,1.0,,,,1.0,,,,1.0,,,,1.0,,,,1.0,,,,1.0,,,,1.0,,,,1.0,,,,1.0,,,,1.0,,,,1.0,,,,1.0,,,,1.0,,,,1.0,,,,1.0,,,,1.0,,,,1.0,,,,1.0,,,,1.0,,,,1.0,,,,1.0,,,,1.0,,,,1.0,,,,1.0,,,,1.0,,,,1.0,,,,1.0,,,,1.0,,,,1.0,,,,1.0,,,,1.0,,,,1.0,,,,1.0,,,,1.0,,,,1.0,,,,1.0,,,,1.0,,,,1.0,,,,1.0,,,,1.0,,,,1.0,,,,1.0,,,,1.0,,,,1.0,,,,1.0,,,,1.0,,,,1.0,,,,1.0,,,,1.0,,,,1.0,,,,1.0,,,,1.0,,,,1.0,,,,1.0,,,,1.0,,,,1.0,,,,1.0,,,,1.0,,,,1.0,,,,1.0,,,,1.0,,,,1.0,,,,1.0,,,,1.0,,,,1.0,,,,1.0,,,,1.0,,,,1.0,,,,1.0,,,,1.0,,,,1.0,,,,1.0,,,,1.0,,,,1.0,,,,1.0,,,,1.0,,,,1.0,,,,1.0,,,,1.0,,,,1.0,,,,1.0,,,,1.0,,,,1.0,,,,1.0,,,,1.0,,,,1.0,,,,1.0,,,,1.0,,,,1.0,,,,1.0,,,,1.0,,,,1.0,,,,1.0,,,,1.0,,,,1.0,,,,1.0,,,,1.0,,,,1.0,,,,1.0,,,,1.0,,,,1.0,,,,1.0,,,,1.0,,,,1.0,,,,1.0,,,,1.0,,,,1.0,,,,1.0,,,,1.0,,,,1.0,,,,1.0,,,,1.0,,,,1.0,,,,1.0,,,,1.0,,,,1.0,,,,1.0,,,,1.0,,,,1.0,,,,1.0,,,,1.0,,,,1.0,,,,1.0,,,,1.0,,,,1.0,,,,1.0,,,,1.0,,,,1.0,,,,1.0,,,,1.0,,,,1.0,,,,1.0,,,,1.0,,,,1.0,,,,1.0,,,,1.0,,,,1.0,,,,1.0,,,,1.0,,,,1.0,,,,1.0,,,,1.0,,,,1.0,,,,1.0,,,,1.0,,,,1.0,,,,1.0,,,,1.0,,,,1.0,,,,1.0,,,,1.0,,,,1.0,,,,1.0,,,,1.0,,,,1.0,,,,1.0,,,,1.0,,,,1.0,,,,1.0,,,,1.0,,,,1.0,,,,1.0,,,,1.0,,,,1.0,,,,1.0,,,,1.0,,,,1.0,,,,1.0,,,,1.0
rollout/ep_len_mean,wall_time,,,,,1632452134.8286343,,,,1632452137.0930276,,,,1632452139.4718869,,,,1632452141.7990139,,,,1632452144.206671,,,,1632452146.4161384,,,,1632452148.7133994,,,,1632452151.1003375,,,,1632452153.544999,,,,1632452155.892191,,,,1632452158.4067812,,,,1632452160.6744702,,,,1632452162.9127426,,,,1632452165.0440652,,,,1632452167.1845496,,,,1632452169.6241653,,,,1632452171.829467,,,,1632452174.2445633,,,,1632452176.7177546,,,,1632452179.1972854,,,,1632452181.627015,,,,1632452183.9710374,,,,1632452186.3364675,,,,1632452188.8950083,,,,1632452191.3275788,,,,1632452193.9046226,,,,1632452196.553477,,,,1632452199.040379,,,,1632452201.8063686,,,,1632452204.3363962,,,,1632452206.9347234,,,,1632452209.7649517,,,,1632452212.5059018,,,,1632452215.1617916,,,,1632452217.8423202,,,,1632452220.5255342,,,,1632452223.3536036,,,,1632452225.8668113,,,,1632452227.9659216,,,,1632452230.1448154,,,,1632452232.8433855,,,,1632452235.3517704,,,,1632452237.6223905,,,,1632452239.8457403,,,,1632452242.0964005,,,,1632452244.581075,,,,1632452247.2189429,,,,1632452249.5929475,,,,1632452251.9813497,,,,1632452254.3744326,,,,1632452256.7658784,,,,1632452259.1117575,,,,1632452261.3519313,,,,1632452263.884415,,,,1632452266.1382213,,,,1632452268.582541,,,,1632452271.0482364,,,,1632452273.5360947,,,,1632452276.0874507,,,,1632452278.5105355,,,,1632452280.9145646,,,,1632452283.2523773,,,,1632452286.1286666,,,,1632452288.4846954,,,,1632452291.0236034,,,,1632452293.4761822,,,,1632452296.1066706,,,,1632452298.6734006,,,,1632452301.3560255,,,,1632452304.1929657,,,,1632452307.0411005,,,,1632452309.5855398,,,,1632452312.0348177,,,,1632452314.6196132,,,,1632452317.2903228,,,,1632452319.7870774,,,,1632452322.5019035,,,,1632452324.9273896,,,,1632452327.6389163,,,,1632452330.3942626,,,,1632452333.0005655,,,,1632452335.5110118,,,,1632452338.1476552,,,,1632452340.6384933,,,,1632452343.1814651,,,,1632452345.601669,,,,1632452347.9848814,,,,1632452350.1372354,,,,1632452352.390863,,,,1632452354.6295207,,,,1632452356.9618108,,,,1632452359.0514996,,,,1632452361.177486,,,,1632452363.39339,,,,1632452365.6330738,,,,1632452367.789416,,,,1632452370.0628328,,,,1632452372.4382584,,,,1632452374.6477947,,,,1632452376.9544268,,,,1632452379.1199296,,,,1632452381.3505363,,,,1632452383.462625,,,,1632452385.5776994,,,,1632452387.6838849,,,,1632452389.783814,,,,1632452392.0261595,,,,1632452394.2433116,,,,1632452396.4410598,,,,1632452399.0295916,,,,1632452401.5179648,,,,1632452404.1037123,,,,1632452406.717334,,,,1632452409.359724,,,,1632452411.9917843,,,,1632452414.4199953,,,,1632452416.7694807,,,,1632452419.4102972,,,,1632452421.9317155,,,,1632452424.4160078,,,,1632452426.8353448,,,,1632452429.4201303,,,,1632452431.9842064,,,,1632452434.6767526,,,,1632452437.1974654,,,,1632452439.740187,,,,1632452442.3716483,,,,1632452445.0574446,,,,1632452447.5758872,,,,1632452449.987794,,,,1632452452.6386201,,,,1632452455.3161807,,,,1632452457.8711193,,,,1632452460.3240018,,,,1632452462.611989,,,,1632452465.3205004,,,,1632452467.8920245,,,,1632452470.535768,,,,1632452473.0407867,,,,1632452475.622322,,,,1632452478.131625,,,,1632452480.5756204,,,,1632452482.9909482,,,,1632452485.56427,,,,1632452488.2857804,,,,1632452490.599881,,,,1632452493.2448905,,,,1632452495.7546809,,,,1632452498.2012095,,,,1632452500.7203991,,,,1632452503.128466,,,,1632452505.680581,,,,1632452508.2108414,,,,1632452510.6613908,,,,1632452513.3338068,,,,1632452516.0199769,,,,1632452518.431818,,,,1632452521.052617,,,,1632452523.6731527,,,,1632452526.3214664,,,,1632452529.171413,,,,1632452531.4533634,,,,1632452533.956591,,,,1632452536.495601,,,,1632452539.0819185,,,,1632452541.516826,,,,1632452544.177077,,,,1632452546.5594573,,,,1632452548.9922447,,,,1632452551.610982,,,,1632452554.2161303,,,,1632452556.7761552,,,,1632452559.2063434,,,,1632452561.843308,,,,1632452564.5327613,,,,1632452567.2101123,,,,1632452570.2707164,,,,1632452573.0454001,,,,1632452575.601173,,,,1632452578.034047,,,,1632452580.5508058,,,,1632452583.2188315,,,,1632452585.9123125,,,,1632452588.3227339,,,,1632452590.734467,,,,1632452593.3325784,,,,1632452595.9601612,,,,1632452598.542823,,,,1632452600.8032682,,,,1632452603.4376051,,,,1632452606.0263782,,,,1632452608.443183,,,,1632452611.0581594,,,,1632452613.7577455,,,,1632452616.519122,,,,1632452618.7434433,,,,1632452621.231772,,,,1632452623.6698701,,,,1632452626.0505936,,,,1632452628.6386716,,,,1632452631.3094912,,,,1632452634.0128229,,,,1632452636.5314867,,,,1632452639.0371099,,,,1632452641.5246053,,,,1632452643.9311547,,,,1632452646.3312893,,,,1632452648.8897736,,,,1632452651.4657881,,,,1632452653.7232852,,,,1632452656.2035007,,,,1632452658.6446056,,,,1632452661.12115,,,,1632452663.5705626,,,,1632452666.0438807,,,,1632452668.4252756,,,,1632452670.905019,,,,1632452673.4575996,,,,1632452676.0892186,,,,1632452678.565383,,,,1632452681.4281723,,,,1632452683.822571,,,,1632452686.1343675,,,,1632452688.667282,,,,1632452691.286752,,,,1632452693.8515153,,,,1632452696.592321,,,,1632452699.3448315,,,,1632452701.943205,,,,1632452704.4766808,,,,1632452706.944666,,,,1632452709.7470605,,,,1632452712.3532057,,,,1632452714.870222,,,,1632452717.4019005,,,,1632452719.9493136,,,,1632452722.3434398,,,,1632452724.8978038,,,,1632452727.6743839,,,,1632452730.156407,,,,1632452732.7402556,,,,1632452735.2855737,,,,1632452738.0873516,,,,1632452740.7055998,,,,1632452743.3557136,,,,1632452745.9636807,,,,1632452748.3303394,,,,1632452750.9800215,,,,1632452753.671754,,,,1632452756.336124
rollout/ep_rew_mean,value,,,,,0.7694820165634155,,,,0.8125681281089783,,,,0.8183165788650513,,,,0.8244761824607849,,,,0.8309177160263062,,,,0.8244684338569641,,,,0.8208684921264648,,,,0.8249855041503906,,,,0.8184272050857544,,,,0.8189391493797302,,,,0.8210760354995728,,,,0.8233033418655396,,,,0.8252724409103394,,,,0.8244145512580872,,,,0.825937032699585,,,,0.8263731598854065,,,,0.8291981816291809,,,,0.8324484825134277,,,,0.8348508477210999,,,,0.8326939344406128,,,,0.8331988453865051,,,,0.830090343952179,,,,0.8293517231941223,,,,0.8277872800827026,,,,0.8269118070602417,,,,0.8293224573135376,,,,0.8281406760215759,,,,0.8279405832290649,,,,0.8271815776824951,,,,0.8258374929428101,,,,0.8270890712738037,,,,0.8281341195106506,,,,0.8271614909172058,,,,0.8299161195755005,,,,0.8306426405906677,,,,0.830913782119751,,,,0.831332802772522,,,,0.8320742845535278,,,,0.8346207141876221,,,,0.8361771702766418,,,,0.8386797308921814,,,,0.8398445844650269,,,,0.8407469391822815,,,,0.842245876789093,,,,0.8473106622695923,,,,0.8503613471984863,,,,0.8565848469734192,,,,0.8608842492103577,,,,0.8660266995429993,,,,0.870603621006012,,,,0.8742249608039856,,,,0.8779906034469604,,,,0.8818072080612183,,,,0.8856565952301025,,,,0.8895416259765625,,,,0.8934090733528137,,,,0.8972011804580688,,,,0.9008293151855469,,,,0.9042438268661499,,,,0.9073830842971802,,,,0.9102217555046082,,,,0.9126982688903809,,,,0.9148083329200745,,,,0.916539192199707,,,,0.9179004430770874,,,,0.9188891053199768,,,,0.9195562601089478,,,,0.9199537634849548,,,,0.9201390743255615,,,,0.9202139377593994,,,,0.9202396273612976,,,,0.9202319979667664,,,,0.920216977596283,,,,0.9202108979225159,,,,0.920206606388092,,,,0.9202041029930115,,,,0.9202030897140503,,,,0.9202030897140503,,,,0.9202038049697876,,,,0.9202049970626831,,,,0.9202066659927368,,,,0.9202086925506592,,,,0.9202110767364502,,,,0.9202138185501099,,,,0.9202167987823486,,,,0.9202200174331665,,,,0.9202235341072083,,,,0.9202273488044739,,,,0.9202314019203186,,,,0.920235812664032,,,,0.9202405214309692,,,,0.9202455878257751,,,,0.9202510118484497,,,,0.9202569127082825,,,,0.9202632904052734,,,,0.9202702045440674,,,,0.9202777147293091,,,,0.9202858805656433,,,,0.9202948212623596,,,,0.920304536819458,,,,0.9203152656555176,,,,0.9203270673751831,,,,0.9203401207923889,,,,0.9203547239303589,,,,0.9203711152076721,,,,0.9203895926475525,,,,0.9204105734825134,,,,0.9204346537590027,,,,0.9204625487327576,,,,0.9204952716827393,,,,0.9205344319343567,,,,0.9205819964408875,,,,0.9206410646438599,,,,0.9207156896591187,,,,0.92081218957901,,,,0.9209402799606323,,,,0.921123206615448,,,,0.9213690757751465,,,,0.9217331409454346,,,,0.9223162531852722,,,,0.9233070611953735,,,,0.9251399040222168,,,,0.9277376532554626,,,,0.9277880787849426,,,,0.9267138242721558,,,,0.9266761541366577,,,,0.9284157752990723,,,,0.9312583208084106,,,,0.9342697262763977,,,,0.9371352195739746,,,,0.9401438236236572,,,,0.9431357979774475,,,,0.945589542388916,,,,0.9473726153373718,,,,0.9485208988189697,,,,0.9499598741531372,,,,0.9519287943840027,,,,0.9541346430778503,,,,0.9563550353050232,,,,0.9583856463432312,,,,0.9600295424461365,,,,0.9615870118141174,,,,0.963320791721344,,,,0.9650145173072815,,,,0.9664499759674072,,,,0.9673139452934265,,,,0.9673836827278137,,,,0.9667028188705444,,,,0.9687787294387817,,,,0.9721227288246155,,,,0.9744088053703308,,,,0.9747555255889893,,,,0.9741098284721375,,,,0.9736058115959167,,,,0.9733812212944031,,,,0.9729912877082825,,,,0.9724715948104858,,,,0.9723236560821533,,,,0.9731037616729736,,,,0.9746741056442261,,,,0.9759512543678284,,,,0.9765822291374207,,,,0.9768579006195068,,,,0.9771609902381897,,,,0.9775658845901489,,,,0.9782516360282898,,,,0.9790510535240173,,,,0.9795804023742676,,,,0.9799773097038269,,,,0.9804909229278564,,,,0.9811155200004578,,,,0.9817652702331543,,,,0.9824045896530151,,,,0.9827821254730225,,,,0.9832925200462341,,,,0.9839942455291748,,,,0.9848794937133789,,,,0.9855501055717468,,,,0.9857338070869446,,,,0.9855846166610718,,,,0.9856336712837219,,,,0.9859238862991333,,,,0.986348569393158,,,,0.9864435791969299,,,,0.986423671245575,,,,0.9863249063491821,,,,0.9863790273666382,,,,0.9865285754203796,,,,0.9867101311683655,,,,0.9869909286499023,,,,0.987248420715332,,,,0.9874846339225769,,,,0.98795086145401,,,,0.9885507822036743,,,,0.9889540076255798,,,,0.9892000555992126,,,,0.9893608689308167,,,,0.9896365404129028,,,,0.9899594187736511,,,,0.9899196028709412,,,,0.989725649356842,,,,0.9894546270370483,,,,0.9893222451210022,,,,0.9893643856048584,,,,0.989566445350647,,,,0.989687442779541,,,,0.9898558855056763,,,,0.9900466799736023,,,,0.990164041519165,,,,0.9902434945106506,,,,0.9905235767364502,,,,0.9907389879226685,,,,0.9908270239830017,,,,0.9908444881439209,,,,0.9909607768058777,,,,0.9911569356918335,,,,0.9912137389183044,,,,0.9910749793052673,,,,0.9909039735794067,,,,0.9908353090286255,,,,0.9909235239028931,,,,0.9910309314727783,,,,0.9909922480583191,,,,0.9909917116165161,,,,0.991080105304718,,,,0.9912037253379822,,,,0.9913235902786255,,,,0.9914160370826721,,,,0.9915292859077454,,,,0.9917588829994202,,,,0.9918229579925537,,,,0.9918072819709778,,,,0.9919677376747131,,,,0.9922425746917725,,,,0.9923223257064819,,,,0.9922378659248352,,,,0.9922289252281189,,,,0.992319643497467,,,,0.9923898577690125,,,,0.9923684000968933,,,,0.9923163652420044,,,,0.9924159049987793,,,,0.9926989674568176,,,,0.9929527640342712,,,,0.9931041598320007,,,,0.9930934309959412,,,,0.9930233955383301,,,,0.9931800365447998,,,,0.9934200644493103,,,,0.9935960173606873
rollout/ep_rew_mean,wall_time,,,,,1632452134.828681,,,,1632452137.0930665,,,,1632452139.471929,,,,1632452141.7990696,,,,1632452144.2067156,,,,1632452146.4161825,,,,1632452148.7134411,,,,1632452151.100381,,,,1632452153.545046,,,,1632452155.8922493,,,,1632452158.4068322,,,,1632452160.6745229,,,,1632452162.912785,,,,1632452165.044106,,,,1632452167.1845973,,,,1632452169.624219,,,,1632452171.8295295,,,,1632452174.2446158,,,,1632452176.7177966,,,,1632452179.197339,,,,1632452181.627053,,,,1632452183.9710944,,,,1632452186.336522,,,,1632452188.8950493,,,,1632452191.3276293,,,,1632452193.9046745,,,,1632452196.5535324,,,,1632452199.0404422,,,,1632452201.8064148,,,,1632452204.3364384,,,,1632452206.9347692,,,,1632452209.764994,,,,1632452212.5059445,,,,1632452215.1618357,,,,1632452217.8423948,,,,1632452220.525601,,,,1632452223.3536773,,,,1632452225.8668547,,,,1632452227.9659662,,,,1632452230.144869,,,,1632452232.8434305,,,,1632452235.3518157,,,,1632452237.622435,,,,1632452239.8457878,,,,1632452242.0964556,,,,1632452244.5811403,,,,1632452247.2190003,,,,1632452249.5929923,,,,1632452251.9814167,,,,1632452254.3744867,,,,1632452256.7659202,,,,1632452259.11181,,,,1632452261.3519824,,,,1632452263.8844593,,,,1632452266.138275,,,,1632452268.5825822,,,,1632452271.048283,,,,1632452273.5361514,,,,1632452276.0874996,,,,1632452278.5105805,,,,1632452280.9146113,,,,1632452283.2524238,,,,1632452286.1287372,,,,1632452288.4847379,,,,1632452291.0236728,,,,1632452293.4762247,,,,1632452296.1067224,,,,1632452298.673458,,,,1632452301.3560777,,,,1632452304.19302,,,,1632452307.0411425,,,,1632452309.5855775,,,,1632452312.0348616,,,,1632452314.6196818,,,,1632452317.2903612,,,,1632452319.7871194,,,,1632452322.5019524,,,,1632452324.9274304,,,,1632452327.6389616,,,,1632452330.394305,,,,1632452333.0006075,,,,1632452335.5110555,,,,1632452338.147709,,,,1632452340.638536,,,,1632452343.1815064,,,,1632452345.6017144,,,,1632452347.9849298,,,,1632452350.1372826,,,,1632452352.390913,,,,1632452354.6295815,,,,1632452356.9618633,,,,1632452359.0515523,,,,1632452361.1775606,,,,1632452363.3934367,,,,1632452365.6331267,,,,1632452367.789487,,,,1632452370.0628765,,,,1632452372.4383044,,,,1632452374.6478548,,,,1632452376.9544733,,,,1632452379.1199765,,,,1632452381.3505812,,,,1632452383.4626665,,,,1632452385.5777524,,,,1632452387.6839368,,,,1632452389.7838674,,,,1632452392.026202,,,,1632452394.2433536,,,,1632452396.4411137,,,,1632452399.0296533,,,,1632452401.518018,,,,1632452404.1037652,,,,1632452406.717377,,,,1632452409.359767,,,,1632452411.9918306,,,,1632452414.420052,,,,1632452416.7695255,,,,1632452419.4103398,,,,1632452421.9317598,,,,1632452424.4160607,,,,1632452426.8353925,,,,1632452429.4201858,,,,1632452431.984267,,,,1632452434.676796,,,,1632452437.1975274,,,,1632452439.7402298,,,,1632452442.3716946,,,,1632452445.057517,,,,1632452447.57593,,,,1632452449.9878483,,,,1632452452.638673,,,,1632452455.3162296,,,,1632452457.8711746,,,,1632452460.3240638,,,,1632452462.6120365,,,,1632452465.320564,,,,1632452467.8920674,,,,1632452470.5358107,,,,1632452473.0408437,,,,1632452475.6223774,,,,1632452478.1316712,,,,1632452480.5756783,,,,1632452482.9909902,,,,1632452485.5643253,,,,1632452488.2858472,,,,1632452490.5999281,,,,1632452493.2449427,,,,1632452495.754726,,,,1632452498.2012565,,,,1632452500.7204416,,,,1632452503.128509,,,,1632452505.6806295,,,,1632452508.2109098,,,,1632452510.6614654,,,,1632452513.3338637,,,,1632452516.020044,,,,1632452518.431872,,,,1632452521.0526774,,,,1632452523.673214,,,,1632452526.3215327,,,,1632452529.1714597,,,,1632452531.4534256,,,,1632452533.9566367,,,,1632452536.4956455,,,,1632452539.0819736,,,,1632452541.5168905,,,,1632452544.1771305,,,,1632452546.5595028,,,,1632452548.992288,,,,1632452551.6110244,,,,1632452554.2161832,,,,1632452556.7761989,,,,1632452559.2063906,,,,1632452561.8433597,,,,1632452564.532805,,,,1632452567.2101595,,,,1632452570.2707586,,,,1632452573.0454533,,,,1632452575.601228,,,,1632452578.0340972,,,,1632452580.5508502,,,,1632452583.2188785,,,,1632452585.9123685,,,,1632452588.3227983,,,,1632452590.7345145,,,,1632452593.332629,,,,1632452595.9602063,,,,1632452598.5428772,,,,1632452600.8033109,,,,1632452603.4376476,,,,1632452606.0264246,,,,1632452608.4432366,,,,1632452611.0582142,,,,1632452613.7578125,,,,1632452616.5191836,,,,1632452618.74349,,,,1632452621.2318327,,,,1632452623.669916,,,,1632452626.0506458,,,,1632452628.6387236,,,,1632452631.3095345,,,,1632452634.0128748,,,,1632452636.531535,,,,1632452639.0371604,,,,1632452641.5246596,,,,1632452643.9311974,,,,1632452646.3313417,,,,1632452648.889818,,,,1632452651.4658332,,,,1632452653.72335,,,,1632452656.2035637,,,,1632452658.6446688,,,,1632452661.121193,,,,1632452663.5706162,,,,1632452666.0439377,,,,1632452668.4253225,,,,1632452670.9050653,,,,1632452673.457675,,,,1632452676.0892565,,,,1632452678.565446,,,,1632452681.428238,,,,1632452683.8226314,,,,1632452686.1344144,,,,1632452688.667325,,,,1632452691.2867968,,,,1632452693.8515697,,,,1632452696.5923676,,,,1632452699.3448963,,,,1632452701.943249,,,,1632452704.4767294,,,,1632452706.9447215,,,,1632452709.7471185,,,,1632452712.3532531,,,,1632452714.87027,,,,1632452717.4019675,,,,1632452719.9493718,,,,1632452722.3434978,,,,1632452724.8978732,,,,1632452727.6744287,,,,1632452730.1564522,,,,1632452732.7403033,,,,1632452735.285616,,,,1632452738.087408,,,,1632452740.705642,,,,1632452743.3557591,,,,1632452745.9637287,,,,1632452748.3303819,,,,1632452750.980091,,,,1632452753.6717968,,,,1632452756.336178
time/fps,value,,,,,1.0,,,,1.0,,,,1.0,,,,1.0,,,,1.0,,,,1.0,,,,1.0,,,,1.0,,,,1.0,,,,1.0,,,,1.0,,,,1.0,,,,1.0,,,,1.0,,,,1.0,,,,1.0,,,,1.0,,,,1.0,,,,1.0,,,,1.0,,,,1.0,,,,1.0,,,,1.0,,,,1.0,,,,1.0,,,,1.0,,,,1.0,,,,1.0,,,,1.0,,,,1.0,,,,1.0,,,,1.0,,,,1.0,,,,1.0,,,,1.0,,,,1.0,,,,1.0,,,,1.0,,,,1.0,,,,1.0,,,,1.0,,,,1.0,,,,1.0,,,,1.0,,,,1.0,,,,1.0,,,,1.0,,,,1.0,,,,1.0,,,,1.0,,,,1.0,,,,1.0,,,,1.0,,,,1.0,,,,1.0,,,,1.0,,,,1.0,,,,1.0,,,,1.0,,,,1.0,,,,1.0,,,,1.0,,,,1.0,,,,1.0,,,,1.0,,,,1.0,,,,1.0,,,,1.0,,,,1.0,,,,1.0,,,,1.0,,,,1.0,,,,1.0,,,,1.0,,,,1.0,,,,1.0,,,,1.0,,,,1.0,,,,1.0,,,,1.0,,,,1.0,,,,1.0,,,,1.0,,,,1.0,,,,1.0,,,,1.0,,,,1.0,,,,1.0,,,,1.0,,,,1.0,,,,1.0,,,,1.0,,,,1.0,,,,1.0,,,,1.0,,,,1.0,,,,1.0,,,,1.0,,,,1.0,,,,1.0,,,,1.0,,,,1.0,,,,1.0,,,,1.0,,,,1.0,,,,1.0,,,,1.0,,,,1.0,,,,1.0,,,,1.0,,,,1.0,,,,1.0,,,,1.0,,,,1.0,,,,1.0,,,,1.0,,,,1.0,,,,1.0,,,,1.0,,,,1.0,,,,1.0,,,,1.0,,,,1.0,,,,1.0,,,,1.0,,,,1.0,,,,1.0,,,,1.0,,,,1.0,,,,1.0,,,,1.0,,,,1.0,,,,1.0,,,,1.0,,,,1.0,,,,1.0,,,,1.0,,,,1.0,,,,1.0,,,,1.0,,,,1.0,,,,1.0,,,,1.0,,,,1.0,,,,1.0,,,,1.0,,,,1.0,,,,1.0,,,,1.0,,,,1.0,,,,1.0,,,,1.0,,,,1.0,,,,1.0,,,,1.0,,,,1.0,,,,1.0,,,,1.0,,,,1.0,,,,1.0,,,,1.0,,,,1.0,,,,1.0,,,,1.0,,,,1.0,,,,1.0,,,,1.0,,,,1.0,,,,1.0,,,,1.0,,,,1.0,,,,1.0,,,,1.0,,,,1.0,,,,1.0,,,,1.0,,,,1.0,,,,1.0,,,,1.0,,,,1.0,,,,1.0,,,,1.0,,,,1.0,,,,1.0,,,,1.0,,,,1.0,,,,1.0,,,,1.0,,,,1.0,,,,1.0,,,,1.0,,,,1.0,,,,1.0,,,,1.0,,,,1.0,,,,1.0,,,,1.0,,,,1.0,,,,1.0,,,,1.0,,,,1.0,,,,1.0,,,,1.0,,,,1.0,,,,1.0,,,,1.0,,,,1.0,,,,1.0,,,,1.0,,,,1.0,,,,1.0,,,,1.0,,,,1.0,,,,1.0,,,,1.0,,,,1.0,,,,1.0,,,,1.0,,,,1.0,,,,1.0,,,,1.0,,,,1.0,,,,1.0,,,,1.0,,,,1.0,,,,1.0,,,,1.0,,,,1.0,,,,1.0,,,,1.0,,,,1.0,,,,1.0,,,,1.0,,,,1.0,,,,1.0,,,,1.0,,,,1.0,,,,1.0,,,,1.0,,,,1.0,,,,1.0,,,,1.0,,,,1.0,,,,1.0,,,,1.0,,,,1.0,,,,1.0,,,,1.0,,,,1.0,,,,1.0
time/fps,wall_time,,,,,1632452134.8287113,,,,1632452137.0930917,,,,1632452139.4719558,,,,1632452141.79911,,,,1632452144.2067435,,,,1632452146.41621,,,,1632452148.7134674,,,,1632452151.1004086,,,,1632452153.545075,,,,1632452155.8922913,,,,1632452158.4068696,,,,1632452160.67456,,,,1632452162.9128122,,,,1632452165.0441334,,,,1632452167.1846263,,,,1632452169.6242485,,,,1632452171.8295689,,,,1632452174.244654,,,,1632452176.7178228,,,,1632452179.1973732,,,,1632452181.627078,,,,1632452183.9711347,,,,1632452186.3365607,,,,1632452188.895076,,,,1632452191.327659,,,,1632452193.904712,,,,1632452196.5535707,,,,1632452199.040484,,,,1632452201.8064435,,,,1632452204.336466,,,,1632452206.9347966,,,,1632452209.765021,,,,1632452212.505971,,,,1632452215.1618633,,,,1632452217.8424485,,,,1632452220.5256526,,,,1632452223.3537333,,,,1632452225.8668823,,,,1632452227.9659936,,,,1632452230.1448991,,,,1632452232.8434682,,,,1632452235.351844,,,,1632452237.622463,,,,1632452239.845815,,,,1632452242.0964954,,,,1632452244.5811932,,,,1632452247.2190404,,,,1632452249.5930204,,,,1632452251.9814572,,,,1632452254.3745246,,,,1632452256.7659526,,,,1632452259.1118484,,,,1632452261.3520126,,,,1632452263.8844879,,,,1632452266.1383061,,,,1632452268.582609,,,,1632452271.0483124,,,,1632452273.536191,,,,1632452276.0875294,,,,1632452278.5106094,,,,1632452280.9146407,,,,1632452283.2524529,,,,1632452286.1287916,,,,1632452288.4847643,,,,1632452291.0237277,,,,1632452293.4762514,,,,1632452296.1067605,,,,1632452298.6734989,,,,1632452301.3561149,,,,1632452304.193058,,,,1632452307.0411692,,,,1632452309.5856023,,,,1632452312.0348885,,,,1632452314.6197376,,,,1632452317.2903879,,,,1632452319.7871454,,,,1632452322.5019817,,,,1632452324.927457,,,,1632452327.63899,,,,1632452330.3943312,,,,1632452333.000634,,,,1632452335.5110824,,,,1632452338.1477466,,,,1632452340.6385632,,,,1632452343.181533,,,,1632452345.6017427,,,,1632452347.9849591,,,,1632452350.1373117,,,,1632452352.3909428,,,,1632452354.629621,,,,1632452356.9619002,,,,1632452359.05159,,,,1632452361.1776173,,,,1632452363.393464,,,,1632452365.633165,,,,1632452367.7895403,,,,1632452370.0629041,,,,1632452372.4383337,,,,1632452374.6478863,,,,1632452376.9545026,,,,1632452379.1200058,,,,1632452381.3506098,,,,1632452383.4626937,,,,1632452385.5777905,,,,1632452387.6839745,,,,1632452389.7839046,,,,1632452392.026229,,,,1632452394.243379,,,,1632452396.4411514,,,,1632452399.0296922,,,,1632452401.5180557,,,,1632452404.1038027,,,,1632452406.717404,,,,1632452409.359794,,,,1632452411.9918594,,,,1632452414.4200916,,,,1632452416.7695527,,,,1632452419.4103675,,,,1632452421.931788,,,,1632452424.4160895,,,,1632452426.8354208,,,,1632452429.4202256,,,,1632452431.9843051,,,,1632452434.6768239,,,,1632452437.1975663,,,,1632452439.7402568,,,,1632452442.3717232,,,,1632452445.0575736,,,,1632452447.575957,,,,1632452449.987887,,,,1632452452.6387107,,,,1632452455.31626,,,,1632452457.8712156,,,,1632452460.3241036,,,,1632452462.6120665,,,,1632452465.3206058,,,,1632452467.8920944,,,,1632452470.5358377,,,,1632452473.0408943,,,,1632452475.6224165,,,,1632452478.1316986,,,,1632452480.5757217,,,,1632452482.991017,,,,1632452485.5643635,,,,1632452488.2859008,,,,1632452490.5999548,,,,1632452493.2449799,,,,1632452495.7547538,,,,1632452498.2012844,,,,1632452500.7204678,,,,1632452503.128537,,,,1632452505.680659,,,,1632452508.210962,,,,1632452510.6615193,,,,1632452513.3339047,,,,1632452516.020096,,,,1632452518.4319105,,,,1632452521.0527184,,,,1632452523.6732528,,,,1632452526.3215864,,,,1632452529.171489,,,,1632452531.4534645,,,,1632452533.9566665,,,,1632452536.495673,,,,1632452539.0820136,,,,1632452541.5169208,,,,1632452544.1771684,,,,1632452546.5595317,,,,1632452548.9923153,,,,1632452551.6110516,,,,1632452554.2162209,,,,1632452556.776226,,,,1632452559.2064185,,,,1632452561.8433976,,,,1632452564.5328317,,,,1632452567.2101877,,,,1632452570.2707856,,,,1632452573.0454836,,,,1632452575.6012654,,,,1632452578.0341258,,,,1632452580.5508778,,,,1632452583.218906,,,,1632452585.912409,,,,1632452588.3228276,,,,1632452590.7345448,,,,1632452593.3326569,,,,1632452595.9602337,,,,1632452598.5429182,,,,1632452600.8033376,,,,1632452603.4376755,,,,1632452606.0264537,,,,1632452608.443275,,,,1632452611.0582533,,,,1632452613.7578647,,,,1632452616.5192223,,,,1632452618.7435184,,,,1632452621.2318654,,,,1632452623.6699433,,,,1632452626.0506835,,,,1632452628.6387615,,,,1632452631.3095615,,,,1632452634.0129046,,,,1632452636.5315645,,,,1632452639.0371904,,,,1632452641.5246885,,,,1632452643.9312248,,,,1632452646.3313794,,,,1632452648.8898466,,,,1632452651.4658608,,,,1632452653.7233927,,,,1632452656.2036066,,,,1632452658.6447084,,,,1632452661.1212199,,,,1632452663.5706537,,,,1632452666.043981,,,,1632452668.4253502,,,,1632452670.9050937,,,,1632452673.4577348,,,,1632452676.0892825,,,,1632452678.5654864,,,,1632452681.42828,,,,1632452683.8226697,,,,1632452686.1344428,,,,1632452688.6673527,,,,1632452691.2868242,,,,1632452693.851607,,,,1632452696.592396,,,,1632452699.3449354,,,,1632452701.9432755,,,,1632452704.4767566,,,,1632452706.9447632,,,,1632452709.747158,,,,1632452712.353281,,,,1632452714.8702974,,,,1632452717.4020212,,,,1632452719.9494152,,,,1632452722.3435366,,,,1632452724.8979282,,,,1632452727.6744566,,,,1632452730.15648,,,,1632452732.7403312,,,,1632452735.2856424,,,,1632452738.0874486,,,,1632452740.7056687,,,,1632452743.355788,,,,1632452745.9637575,,,,1632452748.3304088,,,,1632452750.9801476,,,,1632452753.6718242,,,,1632452756.3362186
train/critic_loss,value,,,,,,,,,,,,,,,,,,,,,,,,,,,,,,,,,,,,,,,,,,,,,,,,,,,,,,,,,,,,,,,,,,,,,,,,,,,,,,,,,,,,,,,,,,,,,,,,,,,,,,1.4054393768310547,1.301771879196167,1.3021771907806396,1.2290183305740356,1.1698670387268066,1.0916693210601807,1.0286281108856201,0.9613711833953857,0.8817229270935059,0.7825120687484741,0.7436090707778931,0.6312496662139893,0.5566619634628296,0.45060843229293823,0.3853607773780823,0.30863285064697266,0.21075744926929474,0.1475738286972046,0.08055268228054047,0.04051680117845535,0.016949482262134552,0.016567103564739227,0.054788775742053986,0.08443216234445572,0.1083233654499054,0.11931219696998596,0.10831086337566376,0.10935799777507782,0.0818016305565834,0.054653432220220566,0.033750683069229126,0.02431897446513176,0.012658419087529182,0.017140429466962814,0.009675964713096619,0.015477249398827553,0.025858476758003235,0.024912111461162567,0.027513377368450165,0.02879299223423004,0.028294045478105545,0.026460960507392883,0.022079408168792725,0.02410586178302765,0.014881519600749016,0.01219964399933815,0.012581132352352142,0.010287202894687653,0.00699797784909606,0.005265410989522934,0.00869437400251627,0.007764456793665886,0.009330305270850658,0.011049450375139713,0.011845920234918594,0.012521965429186821,0.011137833818793297,0.010902822017669678,0.004973376635462046,0.0075333984568715096,0.006262372247874737,0.005341365933418274,0.00580375362187624,0.0053272610530257225,0.004178724251687527,0.005015733651816845,0.006537492386996746,0.007347987964749336,0.004121649079024792,0.007220977917313576,0.004919958300888538,0.008740656077861786,0.0041482397355139256,0.004784381948411465,0.0054474882781505585,0.006011703051626682,0.004010815639048815,0.005346769466996193,0.005181991495192051,0.005359796807169914,0.004364472813904285,0.0034146178513765335,0.0036939503625035286,0.0034168893471360207,0.004610897973179817,0.003896559588611126,0.0028145131655037403,0.0033927918411791325,0.0029013287276029587,0.0032872792799025774,0.0029030414298176765,0.0035079061053693295,0.0017909304006025195,0.004709844943135977,0.0063504003919661045,0.005527133122086525,0.005701018963009119,0.004752112552523613,0.0018886367324739695,0.0031833206303417683,0.003609597450122237,0.003616791684180498,0.0034817506093531847,0.003575922455638647,0.00314825726673007,0.004054475575685501,0.0025968586560338736,0.0013511363649740815,0.004697395488619804,0.0044644358567893505,0.0037614707835018635,0.0014539386611431837,0.005777961108833551,0.004236726090312004,0.004226723685860634,0.0028451241087168455,0.004860186018049717,0.0030990918166935444,0.0030469323974102736,0.0028374844696372747,0.003335456131026149,0.0056279441341757774,0.002493142383173108,0.002271831501275301,0.0020301644690334797,0.0022526986431330442,0.0016918962355703115,0.0019428181694820523,0.002188364276662469,0.0018337774090468884,0.003045392921194434,0.002106836996972561,0.0013876724988222122,0.004186766687780619,0.001693169353529811,0.0034438229631632566,0.0035085638519376516,0.006121241021901369,0.003939890302717686,0.0016502642538398504,0.00229705055244267,0.0023873529862612486,0.0010730018839240074,0.001870546373538673,0.0028580673970282078,0.0018778219819068909,0.0030435097869485617,0.001642081537283957,0.0013319633435457945,0.0013314576353877783,0.0024317074567079544,0.0031884578056633472,0.0017777751199901104,0.0034184888936579227,0.0015075040282681584,0.0016910664271563292,0.001841025659814477,0.0027354955673217773,0.0021979205776005983,0.0020449855364859104,0.0020934762433171272,0.00261509558185935,0.0037927955854684114,0.0018991029355674982,0.002113682683557272,0.00361611507833004,0.0008943853317759931,0.003837734926491976,0.0021080272272229195,0.002965349704027176,0.0033279121853411198,0.0041654156520962715,0.0017418127972632647,0.0005876758368685842,0.0020427510607987642,0.001130696851760149,0.001199114602059126,0.0021199570037424564,0.001096675405278802,0.0012180361663922668,0.0017799189081415534,0.0010540623916313052,0.001484728418290615,0.0014146387111395597,0.0014435113407671452,0.0023093242198228836,0.0013946833787485957,0.0019317937549203634,0.001187455840408802,0.001144328387454152,0.000885268091224134,0.001937507651746273,0.0027263001538813114,0.0011103631695732474,0.0011412457097321749,0.0005737582687288523,0.0016995889600366354,0.001904685515910387,0.0013475248124450445,0.0018611159175634384,0.001086644595488906,0.003497775411233306,0.0012300463858991861,0.0021781951654702425,0.00017352020950056612,0.0011738406028598547,0.0009842445142567158,0.00240793963894248,0.001717057079076767,0.001038324204273522,0.001113311154767871,0.0005148599157109857,0.0011271595722064376,0.0008592737722210586,0.0006817850517109036,0.0009905621409416199,0.0011253415141254663,0.0011433940380811691,0.0010021633934229612,0.0012408940820023417,0.0012062513269484043,0.001517620519734919,0.0007464967202395201,0.001683438429608941,0.00038328158552758396,0.0009791774209588766,0.0015625387895852327,0.000767572084441781,0.001657530665397644,0.001149176387116313,0.00036868828465230763,0.0017684896010905504,0.0013003263156861067,0.0009951971005648375,0.0004739543655887246,0.001333788619376719,0.0009392490028403699,0.0010891056153923273,0.0005607643397524953,0.002019581850618124,0.0006965281208977103,0.00018827331950888038,0.0009120916947722435,0.0018116027349606156,0.001178947277367115,0.000515539082698524,0.0008979690028354526,0.0011442394461482763,0.000856175902299583,0.0011945315636694431,0.002194488188251853,0.00022868101950734854,0.0008235374698415399,0.0006853999802842736,0.0007670314516872168,0.0008630844531580806,0.0016192239709198475,0.0015123533084988594,0.0010539814829826355,0.00037603010423481464,0.0015992159023880959,0.0006980844773352146,0.0006789864273741841,0.0004217389796394855,0.001249725348316133,0.00143518578261137,0.0012843305012211204,0.00042432465124875307,0.0004172381304670125,0.0003505835775285959,0.0015051253139972687,0.001189826289191842,0.0008442040998488665,0.0019033721182495356,0.0008881143294274807,0.0012161744525656104,0.0007076748879626393,0.0007062329677864909,0.0017629663925617933,0.0007407744997180998,0.0011234027333557606,0.0011502188863232732,0.0007900000200606883,0.0018201188649982214,0.0007570936577394605,0.0014507458545267582,0.0014458480291068554,0.0008000502712093294,0.0015346574364230037,0.0007302312878891826,0.0011231930693611503,0.0011258770246058702,0.0008855754276737571,0.0009633835288695991,0.0006542322225868702,0.0005336814792826772,0.0015661341603845358,0.00043249543523415923,0.0007724703173153102,0.00024387644953094423,0.0007278322009369731,0.00024104275507852435,0.0007524965330958366,0.0005183059838600457,0.0008154042880050838,0.000536555889993906,0.0007260370766744018,0.0011689974926412106,0.0008247668156400323,0.000775116728618741,0.0006491759559139609,0.0007726578623987734,0.0006117882439866662,0.0008416828350163996,0.0006350894691422582,0.0014121374115347862,0.0006350487819872797,0.000750269740819931,0.0007541506784036756,0.00035954726627096534,0.000388883869163692,0.0008402084931731224,0.0004019484331365675,0.0008236452704295516,0.00045938664698041975,2.909002432716079e-05,0.0010700123384594917,0.0005458518862724304,0.0011225119233131409,0.00026708299992606044,0.0004618400998879224,0.0006335243815556169,0.0009693264146335423,0.0003739207750186324,0.0006543715135194361,0.0002536549000069499,0.0011549736373126507,0.00046418054262176156,0.00040256677311845124,0.0004242292488925159,0.00029600513516925275,0.00041868104017339647,0.0003476551501080394,0.00043106512748636305,0.0018926728516817093,0.0006479104049503803,0.000771465478464961,0.00025725021259859204,0.00025133416056632996,0.0004409092362038791,0.001343605574220419,0.0008472896879538894,0.0004885238595306873,0.0006056941347196698,0.0009447562042623758,0.00038381939521059394,0.00040639378130435944,0.0007014003349468112,0.0009445648756809533,0.00010755127004813403,0.000810447905678302,0.0005060287076048553,0.0002892115735448897,0.00020781910279765725,0.00030117761343717575,0.0013327832566574216,0.00010517147893551737,0.00023868193966336548,7.341380114667118e-05,0.00010206399019807577,0.00042463967110961676,0.0005408026627264917,0.00024528492940589786,0.0006661780062131584,0.0011255587451159954,0.0010471176356077194,0.0008096401579678059,0.0002977693802677095,0.0005658610025420785,0.00046045874478295445,0.0010617675725370646,0.0008392536547034979,0.0001698733976809308,0.00045926892198622227,0.0002876676735468209,0.0014736081939190626,0.0007815179415047169,0.00019405446073506027,0.0005730774137191474,0.0006753360503353179,0.0002196285204263404,0.00026289650122635067,0.000513098668307066,0.000687879859469831,0.00011994595843134448,0.00036422431003302336,0.0006753666093572974,0.0007557841599918902,0.0008810173603706062,0.0008112340583465993,0.0003485770430415869,0.0011154989479109645,0.0011098524555563927,0.0006357800448313355,0.0007739400025457144,0.0006294177728705108,0.001153725665062666,0.0005277926102280617,0.0005516305100172758,0.0005172124947421253,0.0002711029374040663,0.0007156727951951325,0.00044885982060804963,0.0005519888363778591,0.0003943195042666048,0.00033904306474141777,0.0004066126421093941,0.0009178157197311521,0.0007468712283298373,0.0006824369775131345,0.000862803659401834,0.0007276206742972136,0.0005448044976219535,0.0007542154053226113,0.0006477196584455669,0.0002375333569943905,0.0010113792959600687,0.0007190419710241258,0.0008385319961234927,0.0006170193664729595,0.0006577152526006103,0.0004740520380437374,0.00038160153781063855,0.0003387927426956594,0.0009134421125054359,0.0005868165171705186,0.0004581168759614229,0.00024936863337643445,0.0005073370411992073,0.00044917664490640163,0.0013276886893436313,0.0002640332677401602,0.0003002110752277076,0.0005946954479441047,0.001190119655802846,0.0009152272832579911,0.0005146535695530474,0.0007699794950895011,0.0012006331235170364,0.00035558990202844143,0.0006871524965390563,0.0008540917187929153,0.0007224080036394298,0.00032785627990961075,0.0005449531599879265,0.0005325291422195733,0.0006587008247151971,0.0005020220996811986,0.00043615762842819095,0.0008852118626236916,0.0010952864540740848,0.0005935632507316768,0.0007912131259217858,0.0006796526722609997,0.0005642804899252951,0.0004401843762025237,0.00045160361332818866,0.0005686891381628811,0.0003830192727036774,0.0006535593420267105,0.000475034408736974,0.0008436270290985703,0.00040874260594137013,0.0013879090547561646,0.000519401510246098,0.0003691024030558765,0.0002150018117390573,0.00029254582477733493,0.0005648768274113536,0.0005493031349033117,0.0005857270443812013,0.0005416825297288597,0.000757973815780133,0.000521862180903554,0.0004720763536170125,0.0001477713230997324,0.0006090185488574207,0.0009617096511647105,0.0006335596553981304,0.0005136540275998414,0.0006370935589075089,0.0011819348437711596,0.0006488737417384982,0.00014293684216681868,0.0002915586228482425,0.0005319360643625259,0.000492969062179327,0.0010461373021826148,0.00044641492422670126,0.0002863694680854678,0.0005611168453469872,0.000884595385286957,0.0007521393708884716,0.0002733434666879475,0.0004405540821608156,0.0004186187870800495,0.0005956763052381575,0.0003329258179292083,0.0004000808112323284,0.000600063125602901,0.0004885217640548944,0.00032308854861184955,0.0006350803887471557,0.0003037400310859084,0.0004926663241349161,0.00019111784058623016,0.0003997510648332536,0.0001816207659430802,0.0005249726818874478,0.00016640496323816478,0.00019053394498769194,0.00040630740113556385,0.00026468903524801135,0.0004558468353934586,0.0003888182109221816,0.000256761210039258,0.000753212021663785,0.00025185925187543035,0.0002345603861613199,0.00016053419676609337,0.0002514980733394623,0.00043076672591269016,0.0001633346255403012,0.0005717012099921703,0.00032333016861230135,0.00036547431955114007,0.00034157908521592617,0.0005804674001410604,0.00021599355386570096,0.00025639767409302294,0.00035282818134874105,0.0002637846628203988,0.00022571270528715104,0.0003074263804592192,0.00033063493901863694,0.0002701064804568887,0.000647566863335669,6.744181155227125e-05,0.0005042552947998047,0.00024029886117205024,0.0004815721185877919,0.0004758849972859025,0.00043548765825107694,0.0004129853332415223,0.0001805621723178774,0.00033239630283787847,0.0002996866824105382,0.0007943244418129325,0.0005573048256337643,0.0006126350490376353,0.0003691031888592988,0.0003789195616263896,0.00043321220437064767,0.0002794821630232036,0.0009358979295939207,0.00048397909267805517,0.000549555872566998,7.947332051116973e-05,0.00029731434187851846,0.0005646958597935736,0.00028681106050498784,0.00032674812246114016,0.00017817539628595114,0.00035725167253986,0.0006143697537481785,0.0003499815647955984,0.0006014106911607087,0.0007153938640840352,0.0006892604287713766,0.0001723648456390947,0.0003355022636242211,6.05269888183102e-05,0.00044022046495229006,0.000245755014475435,0.0001771097886376083,0.00038628364563919604,0.0003532384871505201,0.000331049581291154,0.00039728853153064847,0.000723870936781168,0.00046934670535847545,0.0005037222872488201,0.00017271938850171864,0.00015603895008098334,0.00019079784397035837,0.00033322267699986696,0.00021143585036043078,6.507769285235554e-05,0.0003032564709428698,0.00033417638042010367,0.0003362295974511653,0.000117865129141137,0.0003331392945256084,0.0004282881855033338,0.00033207691740244627,0.00019141075608786196,0.0005411584861576557,0.00015575275756418705,0.0004452984721865505,7.930681749712676e-05,0.0004412326088640839,0.0002621659077703953,0.0007529191207140684,0.0003712698817253113,0.0004956820630468428,0.00022023238125257194,0.0007183747366070747,0.00010621733963489532,0.00023088973830454051,0.00014689925592392683,0.0003380842972546816,0.00028413801919668913,4.979851291864179e-05,0.00022019589960109442,9.918518480844796e-05,0.00026565080042928457,0.0002950992784462869,0.00011911262117791921,0.0006344236899167299,0.0004418803728185594,4.1317463910672814e-05,0.0004559207591228187,0.0004819570458494127,0.000103022473922465,0.0005919853574596345,0.00017979305994231254,0.0008011194877326488,0.000587014015763998,0.0004588022129610181,0.0004133129259571433,0.00026520370738580823,0.00034843006869778037,7.570946763735265e-05,9.558922465657815e-05,0.00018355224165134132,0.00014350505080074072,0.0004540111403912306,0.00022544160310644656,0.000353805284248665,0.00024467724142596126,0.00042643334018066525,8.225901547120884e-05,0.00024030984786804765,0.00023112510098144412,4.28848470619414e-05,0.0003078434383496642,0.0004274108214303851,0.0006846913020126522,0.0002201822935603559,6.972040864638984e-05,0.0006454820977523923,7.547512359451503e-05,0.00022824011102784425,0.0002453565539326519,0.00011190783698111773,0.00026373210130259395,0.00037354615051299334,0.00023625578614883125,0.00010393645789008588,0.00025495191221125424,0.00028549216222018003,0.00023066751600708812,0.00046973302960395813,0.000445050944108516,0.00046905624913051724,0.00027834263164550066,0.00018441551947034895,0.0003887944621965289,0.00036385218845680356,0.00017787569959182292,0.00041825982043519616,0.0007383398478850722,0.00016350793885067105,0.00040760322008281946,0.0003072837716899812,0.00021321051463019103,0.0005480514373630285,0.0006759907118976116,0.0003199971397407353,0.00046015955740585923,0.000260603497736156,0.0003394269442651421,0.00010306570038665086,0.00028293082141317427,0.00029759638709947467,0.00013771039084531367,0.00014030924648977816,0.00019203234114684165,0.00017203963943757117,0.0001754938275553286,0.0002203834301326424,0.0002752690343186259,0.0005135215469636023,0.00016085695824585855,0.00023199134739115834,0.000611538183875382,0.0006030892254784703,5.675129432347603e-05,2.972746005980298e-05,0.0001759327424224466,0.00011854043987113982,0.00012150424299761653,0.0002501188719179481,0.00023590971250087023,0.0005799716454930604,0.00013152576866559684,0.00020874480833299458,8.976859680842608e-05,0.0002617716963868588,0.00032400438794866204,0.00021525024203583598,0.00020654842955991626,4.2692103306762874e-05,0.0002992138615809381,0.00031516404123976827,0.00029351800912991166,0.00041939772199839354,0.00035243702586740255,0.00019201563554815948,0.00028998858761042356,0.00028466497315093875,0.00021755977650173008,0.00029370878473855555,0.0001737937272991985,0.0006108588422648609,0.00013596360804513097,0.00022080473718233407,0.0001880333002191037,0.00022050095140002668,0.00020194609533064067,0.00018216337775811553,0.00018883770098909736,6.270311132539064e-05,0.00012826488818973303,0.0003032867389265448,0.00040630451985634863,0.00025435927091166377,0.00025595974875614047,0.0005723948124796152,9.175171726383269e-05,0.0005059427348896861,0.00031910440884530544,0.00032971546170301735,0.0003704565460793674,0.0006311459001153708,0.00041828741086646914,2.6009565772255883e-05,0.0005114745581522584,0.00015680336218792945,0.0003572407877072692,5.232411058386788e-05,3.39592297677882e-05,0.00010052193101728335,0.00024791661417111754,0.000377926102373749,0.00040725484723225236,0.000659526907838881,0.00032484825351275504,0.0002455116482451558,0.00018671699217520654,0.00014033159823156893,4.2804233089555055e-05,0.00018002756405621767,0.0002952295180875808,8.336750033777207e-05,0.00029802281642332673,0.00034632295137271285,6.19259153609164e-05,5.244760905043222e-05,0.00012158800382167101,0.0003091924299951643,0.00029805192025378346,3.153301076963544e-05,0.0007599277887493372,2.410291926935315e-05,0.00014468023437075317,0.00014119743718765676,0.0007384484051726758,0.000115265189378988,0.00021054886747151613,0.0001502906670793891,0.00015191829879768193,7.756329432595521e-05,0.0001088507124222815,0.0003342910495121032,0.00013067609688732773,0.00027283240342512727,0.0003174804151058197,3.31002775055822e-05,3.180148632964119e-05,8.02140129962936e-05,0.00011115268716821447,0.00013497700274456292,0.0006614794256165624,4.048848495585844e-05,0.00011578713019844145,0.0002388636494288221,0.0004956136690452695,0.00022732462093699723,5.1747098041232675e-05,0.0001496445620432496,0.00013217609375715256,0.00021477663540281355,0.00024413724895566702,0.00041562807746231556,0.00023893881007097661,3.098346132901497e-05,0.00020515879441518337,0.0002627956564538181,0.00024478865088894963,3.070997627219185e-05,1.932397390191909e-05,3.1200601370073855e-05,0.0003004749887622893,0.0002811367157846689,0.00020003627287223935,8.135415555443615e-05,0.0002782858209684491,0.00011367310071364045,0.00028719851979985833,0.00024200044572353363,0.000579281710088253,0.00019477505702525377,0.00023585425515193492,0.00016529066488146782,0.0004074634052813053,0.00011882446415256709,0.0002628010115586221,5.538396362680942e-05,3.744798596017063e-05,0.0003609064733609557,0.00010572210157988593,0.00016892532585188746,0.00040354736847802997,0.0001857489114627242,0.0003049580554943532,4.407384403748438e-05,0.0002769684651866555,6.03632943239063e-05,8.539482951164246e-05,0.0003398876287974417,0.00010437634773552418,9.467158088227734e-05,7.462761277565733e-05,5.236079596215859e-05,0.00030930968932807446,0.0002788878628052771,0.00020825448154937476,0.0001440979103790596,0.000234088787692599,0.000351495313225314,0.00030394873465411365,6.0626203776337206e-05,0.00023628800408914685,0.00022003980120643973,0.0006259334040805697,7.029395055724308e-05,0.0007497050100937486,0.0003248605062253773,0.0002741846546996385,9.80473923846148e-05,0.00041512068128213286,0.00020152234355919063,2.0015102563775145e-05,0.00028854262200184166,0.0004199791292194277,0.00046568806283175945,0.00041649380000308156,0.00037358986446633935,0.00014853572065476328,0.00020568477339111269,9.107844380196184e-05,0.00013942032819613814,0.00018541939789429307,0.0002307584509253502,0.00011700742470566183,0.00012370636977721006,0.00021092125098221004,0.00015723751857876778,0.00023530152975581586,0.0001882875367300585,3.688965080073103e-05,0.00016177326324395835,7.03267432982102e-05,0.0003582436474971473,0.00011867505963891745,5.957306348136626e-05,0.0002892696938943118,0.0002402231184532866,
train/critic_loss,wall_time,,,,,,,,,,,,,,,,,,,,,,,,,,,,,,,,,,,,,,,,,,,,,,,,,,,,,,,,,,,,,,,,,,,,,,,,,,,,,,,,,,,,,,,,,,,,,,,,,,,,,,1632452192.5575106,1632452193.273941,1632452193.903747,1632452194.5426393,1632452195.2445903,1632452195.8064444,1632452196.552577,1632452197.1666713,1632452197.7532296,1632452198.3868651,1632452199.039453,1632452199.7509596,1632452200.4962666,1632452201.120148,1632452201.8055215,1632452202.3814073,1632452203.0116274,1632452203.6377237,1632452204.3358274,1632452205.0797093,1632452205.7130525,1632452206.3582907,1632452206.9339976,1632452207.6938918,1632452208.3701403,1632452209.0429273,1632452209.764149,1632452210.504944,1632452211.1687486,1632452211.887158,1632452212.5053468,1632452213.2003942,1632452213.8926876,1632452214.530483,1632452215.1610522,1632452215.7571218,1632452216.5258567,1632452217.2238615,1632452217.8414226,1632452218.4570808,1632452219.0899873,1632452219.8044357,1632452220.5246727,1632452221.3507526,1632452222.0361822,1632452222.6924477,1632452223.3526177,1632452223.974586,1632452224.5974538,1632452225.2939568,1632452225.8661103,1632452226.4124503,1632452226.881048,1632452227.4237437,1632452227.9653404,1632452228.5095234,1632452229.0486739,1632452229.6045923,1632452230.1440098,1632452230.8809202,1632452231.576641,1632452232.2203639,1632452232.842678,1632452233.470999,1632452234.0971205,1632452234.726374,1632452235.3509285,1632452236.005389,1632452236.5372055,1632452237.0712295,1632452237.6218162,1632452238.2456603,1632452238.7829447,1632452239.326514,1632452239.8449035,1632452240.3866534,1632452240.9241638,1632452241.538953,1632452242.0954628,1632452242.67996,1632452243.2475343,1632452243.9002905,1632452244.5802064,1632452245.280146,1632452245.862584,1632452246.6047091,1632452247.2179804,1632452247.899105,1632452248.524277,1632452249.0541978,1632452249.5907414,1632452250.1273575,1632452250.7566617,1632452251.3737388,1632452251.9805243,1632452252.6749525,1632452253.3027742,1632452253.842091,1632452254.3732097,1632452254.9052718,1632452255.490417,1632452256.1501062,1632452256.7650552,1632452257.3124797,1632452257.931536,1632452258.475545,1632452259.110875,1632452259.6666257,1632452260.1860712,1632452260.7222047,1632452261.3510842,1632452261.9318452,1632452262.5511065,1632452263.2509038,1632452263.883762,1632452264.4541643,1632452264.9837635,1632452265.5196145,1632452266.1374617,1632452266.7563171,1632452267.3207078,1632452268.0491102,1632452268.581744,1632452269.1115456,1632452269.7506008,1632452270.3110218,1632452271.047588,1632452271.7145212,1632452272.305351,1632452272.9292448,1632452273.5350828,1632452274.1991503,1632452274.8895721,1632452275.5289419,1632452276.086868,1632452276.688639,1632452277.3000174,1632452277.9020393,1632452278.5097208,1632452279.1238678,1632452279.6759286,1632452280.2902236,1632452280.9139557,1632452281.517698,1632452282.049226,1632452282.6354108,1632452283.2515323,1632452283.915152,1632452284.5815074,1632452285.3437042,1632452286.1278021,1632452286.6969652,1632452287.2866762,1632452287.8638816,1632452288.4838824,1632452289.0746882,1632452289.7215836,1632452290.3696425,1632452291.0223534,1632452291.5867949,1632452292.1966984,1632452292.7678938,1632452293.475443,1632452294.1709511,1632452294.8465767,1632452295.5479176,1632452296.1057916,1632452296.8172517,1632452297.492234,1632452298.1671813,1632452298.6722045,1632452299.1965067,1632452299.9070306,1632452300.7667637,1632452301.3551357,1632452302.0920312,1632452302.7333946,1632452303.5053263,1632452304.1921387,1632452304.9136105,1632452305.5314724,1632452306.2922623,1632452307.040296,1632452307.661414,1632452308.2738144,1632452308.8844151,1632452309.584982,1632452310.1853952,1632452310.7945118,1632452311.4705877,1632452312.0340304,1632452312.581208,1632452313.2911584,1632452313.8604593,1632452314.618755,1632452315.2282023,1632452315.9116268,1632452316.610361,1632452317.2895663,1632452317.8785224,1632452318.493768,1632452319.1701267,1632452319.7862737,1632452320.3445115,1632452321.0354702,1632452321.8507824,1632452322.5010386,1632452323.13977,1632452323.664459,1632452324.3067598,1632452324.9267166,1632452325.5701065,1632452326.322046,1632452326.9314096,1632452327.6380715,1632452328.1709049,1632452328.8293717,1632452329.5764437,1632452330.3936648,1632452330.9400864,1632452331.6227894,1632452332.3188493,1632452332.9997783,1632452333.6641731,1632452334.2877266,1632452334.8619545,1632452335.51026,1632452336.1927912,1632452336.784678,1632452337.4222147,1632452338.146864,1632452338.8402278,1632452339.4988782,1632452340.1116338,1632452340.6377847,1632452341.2500286,1632452341.8594077,1632452342.5469244,1632452343.1808698,1632452343.7930255,1632452344.401647,1632452345.0151365,1632452345.6005757,1632452346.2604232,1632452346.8165555,1632452347.3520923,1632452347.9838989,1632452348.5290003,1632452349.0645647,1632452349.6049166,1632452350.1362383,1632452350.6798813,1632452351.3145094,1632452351.8534162,1632452352.389842,1632452352.9669478,1632452353.5008307,1632452354.0370784,1632452354.6286461,1632452355.1920674,1632452355.7377615,1632452356.3332565,1632452356.9610276,1632452357.4937212,1632452358.0140254,1632452358.534797,1632452359.050691,1632452359.5739615,1632452360.0957081,1632452360.6549432,1632452361.1765685,1632452361.7480397,1632452362.3189058,1632452362.8574214,1632452363.3928208,1632452363.9325917,1632452364.5825322,1632452365.109839,1632452365.6321774,1632452366.1353962,1632452366.6144018,1632452367.1706042,1632452367.788591,1632452368.3687627,1632452368.9679992,1632452369.531021,1632452370.0622883,1632452370.610259,1632452371.2185628,1632452371.8282187,1632452372.4374156,1632452373.0496259,1632452373.5824003,1632452374.1173873,1632452374.646958,1632452375.2673323,1632452375.797099,1632452376.4259903,1632452376.9535863,1632452377.5255415,1632452378.0559304,1632452378.5921552,1632452379.1190841,1632452379.6487994,1632452380.2574894,1632452380.8238766,1632452381.349661,1632452381.882858,1632452382.4054143,1632452382.9387178,1632452383.4620357,1632452383.98899,1632452384.5233226,1632452385.053475,1632452385.5768163,1632452386.0997522,1632452386.621772,1632452387.1396658,1632452387.681452,1632452388.215134,1632452388.7403224,1632452389.2642999,1632452389.7830245,1632452390.3124428,1632452390.8664918,1632452391.4671698,1632452392.0256183,1632452392.5735047,1632452393.1051438,1632452393.7171617,1632452394.2427008,1632452394.767642,1632452395.2872334,1632452395.8345783,1632452396.4401107,1632452397.0948572,1632452397.7478456,1632452398.4082198,1632452399.0284925,1632452399.6464028,1632452400.3005223,1632452400.958073,1632452401.5171654,1632452402.168725,1632452402.815141,1632452403.5067315,1632452404.1029236,1632452404.700484,1632452405.442887,1632452406.0897503,1632452406.7167647,1632452407.3929787,1632452407.9729495,1632452408.6332572,1632452409.3591576,1632452410.0270333,1632452410.6752162,1632452411.2939777,1632452411.9911985,1632452412.498401,1632452413.0764556,1632452413.8547966,1632452414.4190078,1632452414.987656,1632452415.5086782,1632452416.1646023,1632452416.7689095,1632452417.4474702,1632452418.1939058,1632452418.8040946,1632452419.4097416,1632452420.0148168,1632452420.6671238,1632452421.2896678,1632452421.9308953,1632452422.596619,1632452423.202525,1632452423.891842,1632452424.4152584,1632452425.0243068,1632452425.6388228,1632452426.2489367,1632452426.8346214,1632452427.4742882,1632452428.1206126,1632452428.8612525,1632452429.4191961,1632452430.0359888,1632452430.7568898,1632452431.3362365,1632452431.9834108,1632452432.729229,1632452433.4471397,1632452434.054765,1632452434.675918,1632452435.3419037,1632452435.957317,1632452436.580005,1632452437.1966426,1632452437.776956,1632452438.4700618,1632452439.050986,1632452439.7396116,1632452440.411561,1632452441.1429892,1632452441.759673,1632452442.3691618,1632452442.9756136,1632452443.4984667,1632452444.3746943,1632452445.056553,1632452445.7210796,1632452446.3267105,1632452446.9856431,1632452447.5753217,1632452448.235458,1632452448.7712033,1632452449.3231325,1632452449.9869876,1632452450.6527178,1632452451.3194172,1632452451.9113703,1632452452.637813,1632452453.3305163,1632452453.9718108,1632452454.6332674,1632452455.315542,1632452456.0668821,1632452456.6353626,1632452457.2616563,1632452457.8703165,1632452458.4763234,1632452459.0437114,1632452459.7040198,1632452460.3231502,1632452460.8304334,1632452461.4089265,1632452462.0382092,1632452462.6096435,1632452463.2202587,1632452463.8662384,1632452464.4926946,1632452465.3194087,1632452466.0291796,1632452466.6554668,1632452467.2915184,1632452467.8914664,1632452468.5472193,1632452469.275505,1632452469.922553,1632452470.534959,1632452471.1305861,1632452471.8214629,1632452472.4746943,1632452473.039961,1632452473.6313777,1632452474.426695,1632452474.978007,1632452475.6215043,1632452476.1893318,1632452476.7961516,1632452477.47233,1632452478.1308126,1632452478.6862729,1632452479.2844436,1632452479.9018672,1632452480.5739455,1632452481.0618196,1632452481.6934578,1632452482.3632424,1632452482.9886749,1632452483.5853937,1632452484.2387388,1632452484.8327181,1632452485.56346,1632452486.163783,1632452486.8822608,1632452487.5830326,1632452488.2848332,1632452488.9089155,1632452489.4580762,1632452490.0292263,1632452490.5990674,1632452491.2700324,1632452491.930715,1632452492.540996,1632452493.244006,1632452493.9850097,1632452494.5567424,1632452495.1771574,1632452495.753943,1632452496.3042452,1632452496.9480155,1632452497.587466,1632452498.2003887,1632452498.8139527,1632452499.4204538,1632452500.115283,1632452500.7198071,1632452501.3319092,1632452501.9358692,1632452502.4965456,1632452503.1259694,1632452503.8525167,1632452504.489166,1632452505.1136084,1632452505.67959,1632452506.3806365,1632452506.9210463,1632452507.4898484,1632452508.2098727,1632452508.8656676,1632452509.4824646,1632452510.0673828,1632452510.6604517,1632452511.3747249,1632452512.0385008,1632452512.6685853,1632452513.333014,1632452513.9994264,1632452514.6321168,1632452515.2768114,1632452516.0191123,1632452516.7534301,1632452517.1987784,1632452517.8111298,1632452518.4309945,1632452519.1198766,1632452519.752565,1632452520.4322152,1632452521.0517752,1632452521.6908276,1632452522.2575712,1632452522.9264348,1632452523.6723604,1632452524.3880162,1632452524.964376,1632452525.6584063,1632452526.3205247,1632452527.0723908,1632452527.829106,1632452528.534114,1632452529.170665,1632452529.7798016,1632452530.3389978,1632452530.8516777,1632452531.4524937,1632452532.0697246,1632452532.6751485,1632452533.3400617,1632452533.955926,1632452534.5683293,1632452535.2517834,1632452535.8897755,1632452536.4950285,1632452537.188551,1632452537.8889349,1632452538.4976904,1632452539.081033,1632452539.7229736,1632452540.3296878,1632452540.9425104,1632452541.5160203,1632452542.124674,1632452542.8250816,1632452543.573994,1632452544.176267,1632452544.8322275,1632452545.4232116,1632452545.951444,1632452546.5585403,1632452547.2168868,1632452547.8362808,1632452548.3804054,1632452548.9900289,1632452549.672984,1632452550.3408465,1632452550.9526994,1632452551.6104217,1632452552.3087401,1632452553.0700884,1632452553.5614574,1632452554.215336,1632452554.9092946,1632452555.5240333,1632452556.144152,1632452556.775341,1632452557.3877473,1632452557.9930506,1632452558.6333249,1632452559.2055004,1632452559.8166976,1632452560.525582,1632452561.0687065,1632452561.8424432,1632452562.529999,1632452563.172265,1632452563.8308222,1632452564.5321882,1632452565.1594045,1632452565.8823476,1632452566.5826933,1632452567.2092967,1632452568.0074193,1632452568.7783213,1632452569.5441108,1632452570.2699876,1632452570.9268456,1632452571.5622716,1632452572.3481894,1632452573.0444624,1632452573.7390914,1632452574.3769095,1632452574.994556,1632452575.600363,1632452576.1929886,1632452576.7842567,1632452577.432543,1632452578.033208,1632452578.7091136,1632452579.2879586,1632452579.9838161,1632452580.5502198,1632452581.3392873,1632452581.9762113,1632452582.6377406,1632452583.218002,1632452583.8656335,1632452584.555924,1632452585.2931602,1632452585.9115026,1632452586.5705435,1632452587.1852853,1632452587.7836542,1632452588.321671,1632452588.880209,1632452589.5180979,1632452590.1002119,1632452590.733859,1632452591.3819578,1632452591.9931822,1632452592.6769404,1632452593.331692,1632452593.9872675,1632452594.6048143,1632452595.299174,1632452595.9594533,1632452596.5704556,1632452597.3181772,1632452597.926771,1632452598.542023,1632452599.0956237,1632452599.7169933,1632452600.266972,1632452600.802546,1632452601.4678562,1632452602.1296668,1632452602.6754985,1632452603.4368896,1632452604.0749369,1632452604.7853265,1632452605.4090505,1632452606.025506,1632452606.6421757,1632452607.2564425,1632452607.986948,1632452608.4422975,1632452609.0195303,1632452609.624267,1632452610.34222,1632452611.057247,1632452611.7524557,1632452612.3396616,1632452613.038089,1632452613.756878,1632452614.5585384,1632452615.2195623,1632452615.9243894,1632452616.5183067,1632452616.9842725,1632452617.554606,1632452618.1425333,1632452618.7425895,1632452619.3457446,1632452620.0242648,1632452620.6500304,1632452621.2307684,1632452621.909461,1632452622.4875133,1632452623.0593882,1632452623.669125,1632452624.1959097,1632452624.806549,1632452625.427641,1632452626.0498664,1632452626.6399848,1632452627.291973,1632452627.955511,1632452628.6377747,1632452629.2889662,1632452629.9310777,1632452630.6234467,1632452631.308932,1632452632.0881422,1632452632.775265,1632452633.439476,1632452634.0120711,1632452634.7371194,1632452635.3876622,1632452635.972008,1632452636.5305867,1632452637.1463094,1632452637.7755427,1632452638.426226,1632452639.0364425,1632452639.660083,1632452640.3004954,1632452640.916988,1632452641.5237496,1632452642.1534748,1632452642.834,1632452643.374625,1632452643.9305513,1632452644.4764915,1632452645.06893,1632452645.6902025,1632452646.3304014,1632452646.913104,1632452647.6423168,1632452648.272363,1632452648.8891287,1632452649.5382292,1632452650.1819565,1632452650.8305378,1632452651.4652119,1632452651.9475744,1632452652.5247395,1632452653.1113174,1632452653.722174,1632452654.3420322,1632452655.0285432,1632452655.710461,1632452656.2026927,1632452656.81118,1632452657.3705661,1632452657.9932427,1632452658.6438184,1632452659.2937818,1632452659.8235185,1632452660.4383473,1632452661.118814,1632452661.6966827,1632452662.3829494,1632452662.8857164,1632452663.5694838,1632452664.1408827,1632452664.7806175,1632452665.4026473,1632452666.0430465,1632452666.6369271,1632452667.2923229,1632452667.891563,1632452668.424661,1632452669.07204,1632452669.723391,1632452670.3406687,1632452670.9043918,1632452671.5248787,1632452672.1438777,1632452672.7815366,1632452673.4566872,1632452674.1240718,1632452674.7833624,1632452675.473402,1632452676.0886014,1632452676.632867,1632452677.3759527,1632452677.9479156,1632452678.5646322,1632452679.4116774,1632452680.0668528,1632452680.804728,1632452681.4273634,1632452682.0860815,1632452682.6811316,1632452683.2633016,1632452683.8217986,1632452684.3810523,1632452684.9293363,1632452685.4602566,1632452686.1335065,1632452686.74888,1632452687.322742,1632452687.9540532,1632452688.666665,1632452689.3537188,1632452689.9988883,1632452690.6820383,1632452691.2859302,1632452691.9267397,1632452692.587541,1632452693.201971,1632452693.8507156,1632452694.582697,1632452695.2652767,1632452695.950019,1632452696.589851,1632452697.213756,1632452697.8799984,1632452698.6444602,1632452699.3440065,1632452700.0260735,1632452700.645577,1632452701.2974522,1632452701.942643,1632452702.6174843,1632452703.1613023,1632452703.8430827,1632452704.4758527,1632452705.0573227,1632452705.6310253,1632452706.2470937,1632452706.9437895,1632452707.69678,1632452708.4198117,1632452709.109158,1632452709.7461584,1632452710.377804,1632452711.0326128,1632452711.6928759,1632452712.3525975,1632452713.0404634,1632452713.5639703,1632452714.2482796,1632452714.8694718,1632452715.4135535,1632452716.1593368,1632452716.7767518,1632452717.4010425,1632452718.0146985,1632452718.6713827,1632452719.3961923,1632452719.9487271,1632452720.5344098,1632452721.1529443,1632452721.7932212,1632452722.3426142,1632452722.9483967,1632452723.6393907,1632452724.279752,1632452724.8968244,1632452725.6850035,1632452726.339644,1632452727.0285537,1632452727.6735394,1632452728.2840915,1632452728.9144545,1632452729.5070505,1632452730.1555705,1632452730.763968,1632452731.4620457,1632452732.0734818,1632452732.7396631,1632452733.2767293,1632452733.9005942,1632452734.62911,1632452735.2850082,1632452735.882723,1632452736.582776,1632452737.3931122,1632452738.0865448,1632452738.5997846,1632452739.3267002,1632452739.9590287,1632452740.704867,1632452741.3236802,1632452741.9398458,1632452742.7207646,1632452743.3548493,1632452744.021945,1632452744.6366072,1632452745.3297446,1632452745.9626782,1632452746.5530324,1632452747.1216593,1632452747.7984822,1632452748.3296003,1632452749.0120707,1632452749.669312,1632452750.334714,1632452750.9788435,1632452751.690583,1632452752.335401,1632452753.0285313,1632452753.6710372,1632452754.3716264,1632452755.003039,1632452755.6977415,1632452756.3352292,
train/learning_rate,value,,,,,,,,,,,,,,,,,,,,,,,,,,,,,,,,,,,,,,,,,,,,,,,,,,,,,,,,,,,,,,,,,,,,,,,,,,,,,,,,,,,,,,,,,,,,,,,,,,,,,,0.0010000000474974513,0.0010000000474974513,0.0010000000474974513,0.0010000000474974513,0.0010000000474974513,0.0010000000474974513,0.0010000000474974513,0.0010000000474974513,0.0010000000474974513,0.0010000000474974513,0.0010000000474974513,0.0010000000474974513,0.0010000000474974513,0.0010000000474974513,0.0010000000474974513,0.0010000000474974513,0.0010000000474974513,0.0010000000474974513,0.0010000000474974513,0.0010000000474974513,0.0010000000474974513,0.0010000000474974513,0.0010000000474974513,0.0010000000474974513,0.0010000000474974513,0.0010000000474974513,0.0010000000474974513,0.0010000000474974513,0.0010000000474974513,0.0010000000474974513,0.0010000000474974513,0.0010000000474974513,0.0010000000474974513,0.0010000000474974513,0.0010000000474974513,0.0010000000474974513,0.0010000000474974513,0.0010000000474974513,0.0010000000474974513,0.0010000000474974513,0.0010000000474974513,0.0010000000474974513,0.0010000000474974513,0.0010000000474974513,0.0010000000474974513,0.0010000000474974513,0.0010000000474974513,0.0010000000474974513,0.0010000000474974513,0.0010000000474974513,0.0010000000474974513,0.0010000000474974513,0.0010000000474974513,0.0010000000474974513,0.0010000000474974513,0.0010000000474974513,0.0010000000474974513,0.0010000000474974513,0.0010000000474974513,0.0010000000474974513,0.0010000000474974513,0.0010000000474974513,0.0010000000474974513,0.0010000000474974513,0.0010000000474974513,0.0010000000474974513,0.0010000000474974513,0.0010000000474974513,0.0010000000474974513,0.0010000000474974513,0.0010000000474974513,0.0010000000474974513,0.0010000000474974513,0.0010000000474974513,0.0010000000474974513,0.0010000000474974513,0.0010000000474974513,0.0010000000474974513,0.0010000000474974513,0.0010000000474974513,0.0010000000474974513,0.0010000000474974513,0.0010000000474974513,0.0010000000474974513,0.0010000000474974513,0.0010000000474974513,0.0010000000474974513,0.0010000000474974513,0.0010000000474974513,0.0010000000474974513,0.0010000000474974513,0.0010000000474974513,0.0010000000474974513,0.0010000000474974513,0.0010000000474974513,0.0010000000474974513,0.0010000000474974513,0.0010000000474974513,0.0010000000474974513,0.0010000000474974513,0.0010000000474974513,0.0010000000474974513,0.0010000000474974513,0.0010000000474974513,0.0010000000474974513,0.0010000000474974513,0.0010000000474974513,0.0010000000474974513,0.0010000000474974513,0.0010000000474974513,0.0010000000474974513,0.0010000000474974513,0.0010000000474974513,0.0010000000474974513,0.0010000000474974513,0.0010000000474974513,0.0010000000474974513,0.0010000000474974513,0.0010000000474974513,0.0010000000474974513,0.0010000000474974513,0.0010000000474974513,0.0010000000474974513,0.0010000000474974513,0.0010000000474974513,0.0010000000474974513,0.0010000000474974513,0.0010000000474974513,0.0010000000474974513,0.0010000000474974513,0.0010000000474974513,0.0010000000474974513,0.0010000000474974513,0.0010000000474974513,0.0010000000474974513,0.0010000000474974513,0.0010000000474974513,0.0010000000474974513,0.0010000000474974513,0.0010000000474974513,0.0010000000474974513,0.0010000000474974513,0.0010000000474974513,0.0010000000474974513,0.0010000000474974513,0.0010000000474974513,0.0010000000474974513,0.0010000000474974513,0.0010000000474974513,0.0010000000474974513,0.0010000000474974513,0.0010000000474974513,0.0010000000474974513,0.0010000000474974513,0.0010000000474974513,0.0010000000474974513,0.0010000000474974513,0.0010000000474974513,0.0010000000474974513,0.0010000000474974513,0.0010000000474974513,0.0010000000474974513,0.0010000000474974513,0.0010000000474974513,0.0010000000474974513,0.0010000000474974513,0.0010000000474974513,0.0010000000474974513,0.0010000000474974513,0.0010000000474974513,0.0010000000474974513,0.0010000000474974513,0.0010000000474974513,0.0010000000474974513,0.0010000000474974513,0.0010000000474974513,0.0010000000474974513,0.0010000000474974513,0.0010000000474974513,0.0010000000474974513,0.0010000000474974513,0.0010000000474974513,0.0010000000474974513,0.0010000000474974513,0.0010000000474974513,0.0010000000474974513,0.0010000000474974513,0.0010000000474974513,0.0010000000474974513,0.0010000000474974513,0.0010000000474974513,0.0010000000474974513,0.0010000000474974513,0.0010000000474974513,0.0010000000474974513,0.0010000000474974513,0.0010000000474974513,0.0010000000474974513,0.0010000000474974513,0.0010000000474974513,0.0010000000474974513,0.0010000000474974513,0.0010000000474974513,0.0010000000474974513,0.0010000000474974513,0.0010000000474974513,0.0010000000474974513,0.0010000000474974513,0.0010000000474974513,0.0010000000474974513,0.0010000000474974513,0.0010000000474974513,0.0010000000474974513,0.0010000000474974513,0.0010000000474974513,0.0010000000474974513,0.0010000000474974513,0.0010000000474974513,0.0010000000474974513,0.0010000000474974513,0.0010000000474974513,0.0010000000474974513,0.0010000000474974513,0.0010000000474974513,0.0010000000474974513,0.0010000000474974513,0.0010000000474974513,0.0010000000474974513,0.0010000000474974513,0.0010000000474974513,0.0010000000474974513,0.0010000000474974513,0.0010000000474974513,0.0010000000474974513,0.0010000000474974513,0.0010000000474974513,0.0010000000474974513,0.0010000000474974513,0.0010000000474974513,0.0010000000474974513,0.0010000000474974513,0.0010000000474974513,0.0010000000474974513,0.0010000000474974513,0.0010000000474974513,0.0010000000474974513,0.0010000000474974513,0.0010000000474974513,0.0010000000474974513,0.0010000000474974513,0.0010000000474974513,0.0010000000474974513,0.0010000000474974513,0.0010000000474974513,0.0010000000474974513,0.0010000000474974513,0.0010000000474974513,0.0010000000474974513,0.0010000000474974513,0.0010000000474974513,0.0010000000474974513,0.0010000000474974513,0.0010000000474974513,0.0010000000474974513,0.0010000000474974513,0.0010000000474974513,0.0010000000474974513,0.0010000000474974513,0.0010000000474974513,0.0010000000474974513,0.0010000000474974513,0.0010000000474974513,0.0010000000474974513,0.0010000000474974513,0.0010000000474974513,0.0010000000474974513,0.0010000000474974513,0.0010000000474974513,0.0010000000474974513,0.0010000000474974513,0.0010000000474974513,0.0010000000474974513,0.0010000000474974513,0.0010000000474974513,0.0010000000474974513,0.0010000000474974513,0.0010000000474974513,0.0010000000474974513,0.0010000000474974513,0.0010000000474974513,0.0010000000474974513,0.0010000000474974513,0.0010000000474974513,0.0010000000474974513,0.0010000000474974513,0.0010000000474974513,0.0010000000474974513,0.0010000000474974513,0.0010000000474974513,0.0010000000474974513,0.0010000000474974513,0.0010000000474974513,0.0010000000474974513,0.0010000000474974513,0.0010000000474974513,0.0010000000474974513,0.0010000000474974513,0.0010000000474974513,0.0010000000474974513,0.0010000000474974513,0.0010000000474974513,0.0010000000474974513,0.0010000000474974513,0.0010000000474974513,0.0010000000474974513,0.0010000000474974513,0.0010000000474974513,0.0010000000474974513,0.0010000000474974513,0.0010000000474974513,0.0010000000474974513,0.0010000000474974513,0.0010000000474974513,0.0010000000474974513,0.0010000000474974513,0.0010000000474974513,0.0010000000474974513,0.0010000000474974513,0.0010000000474974513,0.0010000000474974513,0.0010000000474974513,0.0010000000474974513,0.0010000000474974513,0.0010000000474974513,0.0010000000474974513,0.0010000000474974513,0.0010000000474974513,0.0010000000474974513,0.0010000000474974513,0.0010000000474974513,0.0010000000474974513,0.0010000000474974513,0.0010000000474974513,0.0010000000474974513,0.0010000000474974513,0.0010000000474974513,0.0010000000474974513,0.0010000000474974513,0.0010000000474974513,0.0010000000474974513,0.0010000000474974513,0.0010000000474974513,0.0010000000474974513,0.0010000000474974513,0.0010000000474974513,0.0010000000474974513,0.0010000000474974513,0.0010000000474974513,0.0010000000474974513,0.0010000000474974513,0.0010000000474974513,0.0010000000474974513,0.0010000000474974513,0.0010000000474974513,0.0010000000474974513,0.0010000000474974513,0.0010000000474974513,0.0010000000474974513,0.0010000000474974513,0.0010000000474974513,0.0010000000474974513,0.0010000000474974513,0.0010000000474974513,0.0010000000474974513,0.0010000000474974513,0.0010000000474974513,0.0010000000474974513,0.0010000000474974513,0.0010000000474974513,0.0010000000474974513,0.0010000000474974513,0.0010000000474974513,0.0010000000474974513,0.0010000000474974513,0.0010000000474974513,0.0010000000474974513,0.0010000000474974513,0.0010000000474974513,0.0010000000474974513,0.0010000000474974513,0.0010000000474974513,0.0010000000474974513,0.0010000000474974513,0.0010000000474974513,0.0010000000474974513,0.0010000000474974513,0.0010000000474974513,0.0010000000474974513,0.0010000000474974513,0.0010000000474974513,0.0010000000474974513,0.0010000000474974513,0.0010000000474974513,0.0010000000474974513,0.0010000000474974513,0.0010000000474974513,0.0010000000474974513,0.0010000000474974513,0.0010000000474974513,0.0010000000474974513,0.0010000000474974513,0.0010000000474974513,0.0010000000474974513,0.0010000000474974513,0.0010000000474974513,0.0010000000474974513,0.0010000000474974513,0.0010000000474974513,0.0010000000474974513,0.0010000000474974513,0.0010000000474974513,0.0010000000474974513,0.0010000000474974513,0.0010000000474974513,0.0010000000474974513,0.0010000000474974513,0.0010000000474974513,0.0010000000474974513,0.0010000000474974513,0.0010000000474974513,0.0010000000474974513,0.0010000000474974513,0.0010000000474974513,0.0010000000474974513,0.0010000000474974513,0.0010000000474974513,0.0010000000474974513,0.0010000000474974513,0.0010000000474974513,0.0010000000474974513,0.0010000000474974513,0.0010000000474974513,0.0010000000474974513,0.0010000000474974513,0.0010000000474974513,0.0010000000474974513,0.0010000000474974513,0.0010000000474974513,0.0010000000474974513,0.0010000000474974513,0.0010000000474974513,0.0010000000474974513,0.0010000000474974513,0.0010000000474974513,0.0010000000474974513,0.0010000000474974513,0.0010000000474974513,0.0010000000474974513,0.0010000000474974513,0.0010000000474974513,0.0010000000474974513,0.0010000000474974513,0.0010000000474974513,0.0010000000474974513,0.0010000000474974513,0.0010000000474974513,0.0010000000474974513,0.0010000000474974513,0.0010000000474974513,0.0010000000474974513,0.0010000000474974513,0.0010000000474974513,0.0010000000474974513,0.0010000000474974513,0.0010000000474974513,0.0010000000474974513,0.0010000000474974513,0.0010000000474974513,0.0010000000474974513,0.0010000000474974513,0.0010000000474974513,0.0010000000474974513,0.0010000000474974513,0.0010000000474974513,0.0010000000474974513,0.0010000000474974513,0.0010000000474974513,0.0010000000474974513,0.0010000000474974513,0.0010000000474974513,0.0010000000474974513,0.0010000000474974513,0.0010000000474974513,0.0010000000474974513,0.0010000000474974513,0.0010000000474974513,0.0010000000474974513,0.0010000000474974513,0.0010000000474974513,0.0010000000474974513,0.0010000000474974513,0.0010000000474974513,0.0010000000474974513,0.0010000000474974513,0.0010000000474974513,0.0010000000474974513,0.0010000000474974513,0.0010000000474974513,0.0010000000474974513,0.0010000000474974513,0.0010000000474974513,0.0010000000474974513,0.0010000000474974513,0.0010000000474974513,0.0010000000474974513,0.0010000000474974513,0.0010000000474974513,0.0010000000474974513,0.0010000000474974513,0.0010000000474974513,0.0010000000474974513,0.0010000000474974513,0.0010000000474974513,0.0010000000474974513,0.0010000000474974513,0.0010000000474974513,0.0010000000474974513,0.0010000000474974513,0.0010000000474974513,0.0010000000474974513,0.0010000000474974513,0.0010000000474974513,0.0010000000474974513,0.0010000000474974513,0.0010000000474974513,0.0010000000474974513,0.0010000000474974513,0.0010000000474974513,0.0010000000474974513,0.0010000000474974513,0.0010000000474974513,0.0010000000474974513,0.0010000000474974513,0.0010000000474974513,0.0010000000474974513,0.0010000000474974513,0.0010000000474974513,0.0010000000474974513,0.0010000000474974513,0.0010000000474974513,0.0010000000474974513,0.0010000000474974513,0.0010000000474974513,0.0010000000474974513,0.0010000000474974513,0.0010000000474974513,0.0010000000474974513,0.0010000000474974513,0.0010000000474974513,0.0010000000474974513,0.0010000000474974513,0.0010000000474974513,0.0010000000474974513,0.0010000000474974513,0.0010000000474974513,0.0010000000474974513,0.0010000000474974513,0.0010000000474974513,0.0010000000474974513,0.0010000000474974513,0.0010000000474974513,0.0010000000474974513,0.0010000000474974513,0.0010000000474974513,0.0010000000474974513,0.0010000000474974513,0.0010000000474974513,0.0010000000474974513,0.0010000000474974513,0.0010000000474974513,0.0010000000474974513,0.0010000000474974513,0.0010000000474974513,0.0010000000474974513,0.0010000000474974513,0.0010000000474974513,0.0010000000474974513,0.0010000000474974513,0.0010000000474974513,0.0010000000474974513,0.0010000000474974513,0.0010000000474974513,0.0010000000474974513,0.0010000000474974513,0.0010000000474974513,0.0010000000474974513,0.0010000000474974513,0.0010000000474974513,0.0010000000474974513,0.0010000000474974513,0.0010000000474974513,0.0010000000474974513,0.0010000000474974513,0.0010000000474974513,0.0010000000474974513,0.0010000000474974513,0.0010000000474974513,0.0010000000474974513,0.0010000000474974513,0.0010000000474974513,0.0010000000474974513,0.0010000000474974513,0.0010000000474974513,0.0010000000474974513,0.0010000000474974513,0.0010000000474974513,0.0010000000474974513,0.0010000000474974513,0.0010000000474974513,0.0010000000474974513,0.0010000000474974513,0.0010000000474974513,0.0010000000474974513,0.0010000000474974513,0.0010000000474974513,0.0010000000474974513,0.0010000000474974513,0.0010000000474974513,0.0010000000474974513,0.0010000000474974513,0.0010000000474974513,0.0010000000474974513,0.0010000000474974513,0.0010000000474974513,0.0010000000474974513,0.0010000000474974513,0.0010000000474974513,0.0010000000474974513,0.0010000000474974513,0.0010000000474974513,0.0010000000474974513,0.0010000000474974513,0.0010000000474974513,0.0010000000474974513,0.0010000000474974513,0.0010000000474974513,0.0010000000474974513,0.0010000000474974513,0.0010000000474974513,0.0010000000474974513,0.0010000000474974513,0.0010000000474974513,0.0010000000474974513,0.0010000000474974513,0.0010000000474974513,0.0010000000474974513,0.0010000000474974513,0.0010000000474974513,0.0010000000474974513,0.0010000000474974513,0.0010000000474974513,0.0010000000474974513,0.0010000000474974513,0.0010000000474974513,0.0010000000474974513,0.0010000000474974513,0.0010000000474974513,0.0010000000474974513,0.0010000000474974513,0.0010000000474974513,0.0010000000474974513,0.0010000000474974513,0.0010000000474974513,0.0010000000474974513,0.0010000000474974513,0.0010000000474974513,0.0010000000474974513,0.0010000000474974513,0.0010000000474974513,0.0010000000474974513,0.0010000000474974513,0.0010000000474974513,0.0010000000474974513,0.0010000000474974513,0.0010000000474974513,0.0010000000474974513,0.0010000000474974513,0.0010000000474974513,0.0010000000474974513,0.0010000000474974513,0.0010000000474974513,0.0010000000474974513,0.0010000000474974513,0.0010000000474974513,0.0010000000474974513,0.0010000000474974513,0.0010000000474974513,0.0010000000474974513,0.0010000000474974513,0.0010000000474974513,0.0010000000474974513,0.0010000000474974513,0.0010000000474974513,0.0010000000474974513,0.0010000000474974513,0.0010000000474974513,0.0010000000474974513,0.0010000000474974513,0.0010000000474974513,0.0010000000474974513,0.0010000000474974513,0.0010000000474974513,0.0010000000474974513,0.0010000000474974513,0.0010000000474974513,0.0010000000474974513,0.0010000000474974513,0.0010000000474974513,0.0010000000474974513,0.0010000000474974513,0.0010000000474974513,0.0010000000474974513,0.0010000000474974513,0.0010000000474974513,0.0010000000474974513,0.0010000000474974513,0.0010000000474974513,0.0010000000474974513,0.0010000000474974513,0.0010000000474974513,0.0010000000474974513,0.0010000000474974513,0.0010000000474974513,0.0010000000474974513,0.0010000000474974513,0.0010000000474974513,0.0010000000474974513,0.0010000000474974513,0.0010000000474974513,0.0010000000474974513,0.0010000000474974513,0.0010000000474974513,0.0010000000474974513,0.0010000000474974513,0.0010000000474974513,0.0010000000474974513,0.0010000000474974513,0.0010000000474974513,0.0010000000474974513,0.0010000000474974513,0.0010000000474974513,0.0010000000474974513,0.0010000000474974513,0.0010000000474974513,0.0010000000474974513,0.0010000000474974513,0.0010000000474974513,0.0010000000474974513,0.0010000000474974513,0.0010000000474974513,0.0010000000474974513,0.0010000000474974513,0.0010000000474974513,0.0010000000474974513,0.0010000000474974513,0.0010000000474974513,0.0010000000474974513,0.0010000000474974513,0.0010000000474974513,0.0010000000474974513,0.0010000000474974513,0.0010000000474974513,0.0010000000474974513,0.0010000000474974513,0.0010000000474974513,0.0010000000474974513,0.0010000000474974513,0.0010000000474974513,0.0010000000474974513,0.0010000000474974513,0.0010000000474974513,0.0010000000474974513,0.0010000000474974513,0.0010000000474974513,0.0010000000474974513,0.0010000000474974513,0.0010000000474974513,0.0010000000474974513,0.0010000000474974513,0.0010000000474974513,0.0010000000474974513,0.0010000000474974513,0.0010000000474974513,0.0010000000474974513,0.0010000000474974513,0.0010000000474974513,0.0010000000474974513,0.0010000000474974513,0.0010000000474974513,0.0010000000474974513,0.0010000000474974513,0.0010000000474974513,0.0010000000474974513,0.0010000000474974513,0.0010000000474974513,0.0010000000474974513,0.0010000000474974513,0.0010000000474974513,0.0010000000474974513,0.0010000000474974513,0.0010000000474974513,0.0010000000474974513,0.0010000000474974513,0.0010000000474974513,0.0010000000474974513,0.0010000000474974513,0.0010000000474974513,0.0010000000474974513,0.0010000000474974513,0.0010000000474974513,0.0010000000474974513,0.0010000000474974513,0.0010000000474974513,0.0010000000474974513,0.0010000000474974513,0.0010000000474974513,0.0010000000474974513,0.0010000000474974513,0.0010000000474974513,0.0010000000474974513,0.0010000000474974513,0.0010000000474974513,0.0010000000474974513,0.0010000000474974513,0.0010000000474974513,0.0010000000474974513,0.0010000000474974513,0.0010000000474974513,0.0010000000474974513,0.0010000000474974513,0.0010000000474974513,0.0010000000474974513,0.0010000000474974513,0.0010000000474974513,0.0010000000474974513,0.0010000000474974513,0.0010000000474974513,0.0010000000474974513,0.0010000000474974513,0.0010000000474974513,0.0010000000474974513,0.0010000000474974513,0.0010000000474974513,0.0010000000474974513,0.0010000000474974513,0.0010000000474974513,0.0010000000474974513,0.0010000000474974513,0.0010000000474974513,0.0010000000474974513,0.0010000000474974513,0.0010000000474974513,0.0010000000474974513,0.0010000000474974513,0.0010000000474974513,0.0010000000474974513,0.0010000000474974513,0.0010000000474974513,0.0010000000474974513,0.0010000000474974513,0.0010000000474974513,0.0010000000474974513,0.0010000000474974513,0.0010000000474974513,0.0010000000474974513,0.0010000000474974513,0.0010000000474974513,0.0010000000474974513,0.0010000000474974513,0.0010000000474974513,0.0010000000474974513,0.0010000000474974513,0.0010000000474974513,0.0010000000474974513,0.0010000000474974513,0.0010000000474974513,0.0010000000474974513,0.0010000000474974513,0.0010000000474974513,0.0010000000474974513,0.0010000000474974513,0.0010000000474974513,0.0010000000474974513,0.0010000000474974513,0.0010000000474974513,0.0010000000474974513,0.0010000000474974513,0.0010000000474974513,0.0010000000474974513,
train/learning_rate,wall_time,,,,,,,,,,,,,,,,,,,,,,,,,,,,,,,,,,,,,,,,,,,,,,,,,,,,,,,,,,,,,,,,,,,,,,,,,,,,,,,,,,,,,,,,,,,,,,,,,,,,,,1632452192.5575323,1632452193.273973,1632452193.90378,1632452194.5426593,1632452195.2446115,1632452195.8064766,1632452196.5526128,1632452197.1667035,1632452197.753262,1632452198.3868973,1632452199.039486,1632452199.7509913,1632452200.4962883,1632452201.1201684,1632452201.8055437,1632452202.381428,1632452203.0116494,1632452203.6377437,1632452204.3358483,1632452205.07973,1632452205.7130852,1632452206.3583112,1632452206.9340189,1632452207.6939385,1632452208.3701742,1632452209.0429592,1632452209.76417,1632452210.5049648,1632452211.1687844,1632452211.8871777,1632452212.5053678,1632452213.2004154,1632452213.89271,1632452214.530505,1632452215.1610734,1632452215.7571537,1632452216.5258894,1632452217.2238934,1632452217.841444,1632452218.4571016,1632452219.0900083,1632452219.8044577,1632452220.5247056,1632452221.350784,1632452222.036218,1632452222.6924684,1632452223.3526394,1632452223.9746077,1632452224.5974758,1632452225.2939787,1632452225.8661315,1632452226.412486,1632452226.8810687,1632452227.4237642,1632452227.9653609,1632452228.5095448,1632452229.0486963,1632452229.6046128,1632452230.144031,1632452230.880941,1632452231.5766737,1632452232.2203863,1632452232.8427002,1632452233.471021,1632452234.0971434,1632452234.7263958,1632452235.3509512,1632452236.0054095,1632452236.5372264,1632452237.0712507,1632452237.621849,1632452238.245682,1632452238.782967,1632452239.3265479,1632452239.8449259,1632452240.386674,1632452240.9241848,1632452241.5389876,1632452242.0954971,1632452242.6799936,1632452243.2475672,1632452243.9003255,1632452244.5802543,1632452245.2801676,1632452245.8626056,1632452246.6047297,1632452247.218018,1632452247.8991256,1632452248.5242982,1632452249.0542202,1632452249.5907636,1632452250.127378,1632452250.7566836,1632452251.373766,1632452251.9805455,1632452252.6749742,1632452253.3027973,1632452253.8421116,1632452254.3732433,1632452254.9053056,1632452255.4904494,1632452256.1501267,1632452256.7650776,1632452257.3125017,1632452257.9315588,1632452258.4755669,1632452259.1109111,1632452259.6666598,1632452260.186093,1632452260.7222254,1632452261.3511071,1632452261.9318666,1632452262.5511289,1632452263.2509258,1632452263.8837848,1632452264.4541845,1632452264.983784,1632452265.5196364,1632452266.1374848,1632452266.7563374,1632452267.320729,1632452268.0491328,1632452268.5817652,1632452269.111566,1632452269.7506216,1632452270.3110418,1632452271.0476103,1632452271.7145548,1632452272.3053732,1632452272.9292781,1632452273.5351176,1632452274.1991706,1632452274.8895948,1632452275.5289643,1632452276.0868895,1632452276.688661,1632452277.30004,1632452277.9020612,1632452278.5097435,1632452279.123889,1632452279.6759517,1632452280.290245,1632452280.9139779,1632452281.5177202,1632452282.0492485,1632452282.6354337,1632452283.2515557,1632452283.9152074,1632452284.5815399,1632452285.343739,1632452286.1278486,1632452286.6970015,1632452287.286698,1632452287.8639016,1632452288.483904,1632452289.0747232,1632452289.7216046,1632452290.369663,1632452291.0223758,1632452291.586815,1632452292.1967194,1632452292.7679152,1632452293.4754639,1632452294.1709716,1632452294.8465993,1632452295.5479383,1632452296.1058242,1632452296.8172865,1632452297.4922564,1632452298.1672034,1632452298.6722388,1632452299.196527,1632452299.9070635,1632452300.766796,1632452301.3551686,1632452302.092053,1632452302.7334175,1632452303.505358,1632452304.1921728,1632452304.913631,1632452305.5315049,1632452306.2922828,1632452307.0403173,1632452307.661434,1632452308.2738352,1632452308.884435,1632452309.585003,1632452310.1854274,1632452310.7945464,1632452311.4706194,1632452312.0340514,1632452312.5812285,1632452313.2911806,1632452313.8604915,1632452314.6188052,1632452315.2282345,1632452315.9116592,1632452316.6103835,1632452317.2895954,1632452317.8785443,1632452318.49379,1632452319.1701486,1632452319.7862945,1632452320.3445318,1632452321.035503,1632452321.850813,1632452322.5010602,1632452323.1397903,1632452323.66448,1632452324.3067822,1632452324.9267375,1632452325.570127,1632452326.322068,1632452326.9314306,1632452327.6380937,1632452328.1709251,1632452328.8293924,1632452329.5764756,1632452330.3936858,1632452330.9401178,1632452331.6228216,1632452332.3188815,1632452332.999799,1632452333.6642053,1632452334.2877622,1632452334.8619769,1632452335.5102818,1632452336.1928115,1632452336.7846987,1632452337.422248,1632452338.1468964,1632452338.8402483,1632452339.498901,1632452340.1116562,1632452340.6378062,1632452341.2500494,1632452341.8594286,1632452342.546946,1632452343.180894,1632452343.7930467,1632452344.40167,1632452345.0151582,1632452345.6005983,1632452346.2604444,1632452346.8165781,1632452347.352114,1632452347.9839218,1632452348.5290215,1632452349.064587,1632452349.6049383,1632452350.1362603,1632452350.6799033,1632452351.314531,1632452351.8534381,1632452352.3898644,1632452352.9669695,1632452353.5008605,1632452354.0371008,1632452354.6286683,1632452355.1920893,1632452355.7377896,1632452356.3332782,1632452356.9610598,1632452357.4937534,1632452358.0140607,1632452358.5348318,1632452359.0507233,1632452359.5739942,1632452360.095745,1632452360.6549752,1632452361.1766021,1632452361.7480607,1632452362.3189275,1632452362.8574414,1632452363.3928425,1632452363.9326127,1632452364.5825527,1632452365.1098707,1632452365.63221,1632452366.1354284,1632452366.6144242,1632452367.1706529,1632452367.788626,1632452368.368783,1632452368.9680214,1632452369.5310414,1632452370.0623093,1632452370.6102788,1632452371.2185836,1632452371.8282406,1632452372.4374382,1632452373.0496478,1632452373.5824225,1632452374.117409,1632452374.6469808,1632452375.2673542,1632452375.7971218,1632452376.4260125,1632452376.953609,1632452377.5255635,1632452378.0559525,1632452378.5921803,1632452379.1191068,1632452379.648822,1632452380.257512,1632452380.823898,1632452381.3496835,1632452381.88288,1632452382.4054365,1632452382.9387383,1632452383.4620564,1632452383.9890223,1632452384.5233436,1632452385.05351,1632452385.576858,1632452386.0997868,1632452386.6218076,1632452387.139699,1632452387.6814845,1632452388.2151659,1632452388.7403557,1632452389.2643316,1632452389.7830606,1632452390.3124757,1632452390.866513,1632452391.4671905,1632452392.0256388,1632452392.5735252,1632452393.1051645,1632452393.7171817,1632452394.242722,1632452394.7676742,1632452395.2872663,1632452395.834614,1632452396.4401455,1632452397.0949063,1632452397.7478786,1632452398.4082396,1632452399.0285273,1632452399.646434,1632452400.300555,1632452400.9581048,1632452401.5171976,1632452402.1687572,1632452402.815174,1632452403.5067518,1632452404.1029565,1632452404.7005172,1632452405.4429219,1632452406.0897715,1632452406.716786,1632452407.3930001,1632452407.9729822,1632452408.6332898,1632452409.3591788,1632452410.027054,1632452410.6752386,1632452411.2939994,1632452411.99122,1632452412.4984334,1632452413.0764885,1632452413.8548431,1632452414.41907,1632452414.9876769,1632452415.508701,1632452416.1646245,1632452416.7689314,1632452417.4475162,1632452418.193927,1632452418.8041143,1632452419.409763,1632452420.014838,1632452420.667145,1632452421.2896886,1632452421.930918,1632452422.5966413,1632452423.2025478,1632452423.8918638,1632452424.4152792,1632452425.0243275,1632452425.6388447,1632452426.2489572,1632452426.8346424,1632452427.47432,1632452428.1206446,1632452428.861285,1632452429.4192307,1632452430.0360231,1632452430.7569227,1632452431.336269,1632452431.9834433,1632452432.7292612,1632452433.4471607,1632452434.0547874,1632452434.67594,1632452435.341926,1632452435.9573393,1632452436.5800266,1632452437.1966648,1632452437.7769885,1632452438.470097,1632452439.0510068,1632452439.739632,1632452440.4115813,1632452441.14301,1632452441.759695,1632452442.3691838,1632452442.9756384,1632452443.4984877,1632452444.3747158,1632452445.056574,1632452445.7211013,1632452446.3267314,1632452446.9856753,1632452447.575343,1632452448.235479,1632452448.7712235,1632452449.3231528,1632452449.9870236,1632452450.652738,1632452451.31945,1632452451.9114022,1632452452.6378455,1632452453.3305516,1632452453.9718318,1632452454.6332998,1632452455.3155649,1632452456.0669022,1632452456.6353953,1632452457.2616925,1632452457.8703492,1632452458.4763436,1632452459.0437443,1632452459.7040668,1632452460.3231826,1632452460.8304684,1632452461.40895,1632452462.0382316,1632452462.6096663,1632452463.220281,1632452463.8662617,1632452464.4927168,1632452465.3194442,1632452466.0291998,1632452466.6554878,1632452467.29155,1632452467.891488,1632452468.5472403,1632452469.2755258,1632452469.9225738,1632452470.5349798,1632452471.1306214,1632452471.8214839,1632452472.4747267,1632452473.0399933,1632452473.6314254,1632452474.4267163,1632452474.9780428,1632452475.6215408,1632452476.189353,1632452476.7961845,1632452477.4723659,1632452478.1308331,1632452478.6862953,1632452479.28448,1632452479.9018998,1632452480.5739782,1632452481.061841,1632452481.6934917,1632452482.363275,1632452482.9886966,1632452483.5854146,1632452484.2387598,1632452484.8327403,1632452485.5634937,1632452486.1638155,1632452486.8823063,1632452487.5830534,1632452488.28489,1632452488.9089482,1632452489.4580982,1632452490.029247,1632452490.5990882,1632452491.2700536,1632452491.9307382,1632452492.541016,1632452493.2440386,1632452493.985042,1632452494.5567744,1632452495.1771896,1632452495.753964,1632452496.304266,1632452496.9480367,1632452497.5874865,1632452498.2004097,1632452498.8139734,1632452499.4204748,1632452500.1153038,1632452500.7198277,1632452501.3319304,1632452501.9358904,1632452502.4965663,1632452503.1259904,1632452503.852551,1632452504.4892,1632452505.1136405,1632452505.6796124,1632452506.3806689,1632452506.921067,1632452507.489881,1632452508.2099202,1632452508.8657029,1632452509.4824967,1632452510.067415,1632452510.6604977,1632452511.3747735,1632452512.0385337,1632452512.668622,1632452513.3330464,1632452513.9994466,1632452514.6321583,1632452515.276846,1632452516.019162,1632452516.7534502,1632452517.1987994,1632452517.811162,1632452518.4310274,1632452519.119911,1632452519.7526011,1632452520.432247,1632452521.0518095,1632452521.69086,1632452522.2576041,1632452522.9264803,1632452523.6723926,1632452524.3880365,1632452524.9644136,1632452525.6584382,1632452526.320557,1632452527.0724125,1632452527.8291419,1632452528.5341368,1632452529.1706874,1632452529.7798228,1632452530.3390186,1632452530.8517096,1632452531.4525416,1632452532.069747,1632452532.675175,1632452533.3400836,1632452533.9559488,1632452534.5683508,1632452535.2518048,1632452535.8897955,1632452536.49505,1632452537.1886013,1632452537.8889668,1632452538.4977102,1632452539.0810652,1632452539.7229943,1632452540.3297093,1632452540.9425304,1632452541.516041,1632452542.1246943,1632452542.8251138,1632452543.5740144,1632452544.1762998,1632452544.8322604,1632452545.4232438,1632452545.9514663,1632452546.5585628,1632452547.2169101,1632452547.836304,1632452548.3804266,1632452548.9900498,1632452549.673006,1632452550.3409185,1632452550.95272,1632452551.6104426,1632452552.3087604,1632452553.0701258,1632452553.561492,1632452554.2153683,1632452554.909315,1632452555.5240545,1632452556.1441724,1632452556.7753627,1632452557.3877683,1632452557.993074,1632452558.6333458,1632452559.2055218,1632452559.8167179,1632452560.5256298,1632452561.0687418,1632452561.842476,1632452562.5300198,1632452563.1722872,1632452563.8308434,1632452564.5322094,1632452565.1594384,1632452565.882394,1632452566.582728,1632452567.209318,1632452568.0074534,1632452568.7783427,1632452569.5441458,1632452570.2700083,1632452570.9268653,1632452571.5622928,1632452572.3482115,1632452573.0444849,1632452573.7391243,1632452574.3769422,1632452574.994588,1632452575.6003952,1632452576.1930215,1632452576.784291,1632452577.4325645,1632452578.0332296,1632452578.7091343,1632452579.2879796,1632452579.9838362,1632452580.550241,1632452581.3393192,1632452581.976234,1632452582.6377726,1632452583.218023,1632452583.8656685,1632452584.555957,1632452585.2931805,1632452585.9115353,1632452586.5705638,1632452587.1853063,1632452587.783686,1632452588.3217275,1632452588.8802304,1632452589.5181196,1632452590.100234,1632452590.733882,1632452591.38198,1632452591.993205,1632452592.6769624,1632452593.3317127,1632452593.9872875,1632452594.604835,1632452595.299194,1632452595.9594743,1632452596.5704875,1632452597.3182,1632452597.9267917,1632452598.5420551,1632452599.0956442,1632452599.717026,1632452600.2669926,1632452600.8025672,1632452601.4678879,1632452602.1297,1632452602.6755185,1632452603.4369197,1632452604.0749586,1632452604.7853491,1632452605.4090722,1632452606.0255284,1632452606.6421976,1632452607.2564635,1632452607.9869797,1632452608.4423304,1632452609.0195513,1632452609.6242898,1632452610.3422418,1632452611.0572844,1632452611.752476,1632452612.3396828,1632452613.038121,1632452613.756928,1632452614.55857,1632452615.2195945,1632452615.924425,1632452616.5183396,1632452616.9842937,1632452617.5546288,1632452618.1425557,1632452618.7426116,1632452619.3457665,1632452620.0242875,1632452620.6500523,1632452621.2307913,1632452621.9094834,1632452622.4875355,1632452623.0594084,1632452623.6691463,1632452624.1959298,1632452624.8065698,1632452625.4276602,1632452626.0498996,1632452626.6400166,1632452627.2920089,1632452627.9555435,1632452628.6378071,1632452629.2889984,1632452629.9311101,1632452630.6234667,1632452631.3089526,1632452632.088164,1632452632.7752876,1632452633.439509,1632452634.0120943,1632452634.7371411,1632452635.3876853,1632452635.9720297,1632452636.5306094,1632452637.1463313,1632452637.7755656,1632452638.4262478,1632452639.0364654,1632452639.6601045,1632452640.300518,1632452640.9170098,1632452641.523772,1632452642.1534965,1632452642.8340223,1632452643.3746462,1632452643.9305725,1632452644.4765236,1632452645.068951,1632452645.6902227,1632452646.3304346,1632452646.9131243,1632452647.642338,1632452648.2723842,1632452648.8891518,1632452649.5382662,1632452650.1819904,1632452650.8305583,1632452651.4652326,1632452651.9475946,1632452652.5247602,1632452653.1113384,1632452653.7222068,1632452654.3420641,1632452655.0285919,1632452655.710482,1632452656.2027268,1632452656.8112133,1632452657.3705986,1632452657.9932764,1632452658.643851,1632452659.2938137,1632452659.8235393,1632452660.438379,1632452661.1188352,1632452661.6967154,1632452662.3829825,1632452662.8857493,1632452663.5695171,1632452664.1409044,1632452664.7806387,1632452665.4026809,1632452666.0430846,1632452666.6369598,1632452667.2923436,1632452667.8915946,1632452668.4246814,1632452669.072079,1632452669.7234123,1632452670.340689,1632452670.9044135,1632452671.5249016,1632452672.1439168,1632452672.7815697,1632452673.4567213,1632452674.1240928,1632452674.783395,1632452675.4734228,1632452676.0886219,1632452676.632893,1632452677.375974,1632452677.9479356,1632452678.5646532,1632452679.4116993,1632452680.0669038,1632452680.80476,1632452681.4273992,1632452682.0861154,1632452682.681165,1632452683.2633371,1632452683.8218307,1632452684.3810842,1632452684.9293737,1632452685.460278,1632452686.1335294,1632452686.748901,1632452687.322763,1632452687.9540753,1632452688.6666865,1632452689.3537395,1632452689.9989088,1632452690.6820588,1632452691.2859504,1632452691.9267743,1632452692.5875626,1632452693.2019908,1632452693.8507504,1632452694.5827184,1632452695.2652981,1632452695.9500403,1632452696.5898733,1632452697.2137785,1632452697.8800194,1632452698.6444802,1632452699.34404,1632452700.0261066,1632452700.6455977,1632452701.2974725,1632452701.9426641,1632452702.6175163,1632452703.161323,1632452703.8431046,1632452704.4758754,1632452705.0573547,1632452705.6310468,1632452706.2471142,1632452706.9438221,1632452707.696815,1632452708.4198444,1632452709.1091902,1632452709.7461793,1632452710.3778248,1632452711.032634,1632452711.6929092,1632452712.352619,1632452713.0404835,1632452713.5640059,1632452714.2482998,1632452714.8694925,1632452715.413586,1632452716.1593697,1632452716.7767868,1632452717.401075,1632452718.0147302,1632452718.671415,1632452719.3962238,1632452719.9487484,1632452720.5344453,1632452721.1529796,1632452721.7932563,1632452722.342647,1632452722.9484174,1632452723.6394227,1632452724.2797732,1632452724.8968654,1632452725.6850362,1632452726.3396764,1632452727.0285766,1632452727.6735606,1632452728.284113,1632452728.9144757,1632452729.5070722,1632452730.155593,1632452730.7639883,1632452731.4620674,1632452732.0735042,1632452732.7396846,1632452733.2767496,1632452733.9006164,1632452734.6291296,1632452735.2850287,1632452735.8827436,1632452736.5828083,1632452737.393144,1632452738.0865805,1632452738.5998054,1632452739.3267493,1632452739.9590607,1632452740.7048883,1632452741.3237002,1632452741.9398668,1632452742.720787,1632452743.354872,1632452744.021967,1632452744.6366293,1632452745.329767,1632452745.9627008,1632452746.5530548,1632452747.121681,1632452747.7985046,1632452748.3296213,1632452749.0121183,1632452749.6693583,1632452750.3347344,1632452750.978876,1632452751.690604,1632452752.3354225,1632452753.0285542,1632452753.6710584,1632452754.3716483,1632452755.003062,1632452755.6977742,1632452756.335261,
train/actor_loss,value,,,,,,,,,,,,,,,,,,,,,,,,,,,,,,,,,,,,,,,,,,,,,,,,,,,,,,,,,,,,,,,,,,,,,,,,,,,,,,,,,,,,,,,,,,,,,,,,,,,,,,,-0.04187577962875366,,-0.0801968201994896,,-0.12493463605642319,,-0.1771307736635208,,-0.23788337409496307,,-0.3092104494571686,,-0.3977830410003662,,-0.5072935223579407,,-0.6378980278968811,,-0.7838069200515747,,-0.917752206325531,,-0.9913377165794373,,-0.990101158618927,,-0.9396014213562012,,-0.8690713047981262,,-0.8008290529251099,,-0.7463976144790649,,-0.7133538126945496,,-0.7018144726753235,,-0.7081010937690735,,-0.7312691807746887,,-0.7665409445762634,,-0.8094868063926697,,-0.8549025058746338,,-0.8957563638687134,,-0.9249820709228516,,-0.9408068656921387,,-0.9404516220092773,,-0.9275982975959778,,-0.9102511405944824,,-0.895312488079071,,-0.8882070779800415,,-0.8921957015991211,,-0.9073182344436646,,-0.9297128319740295,,-0.9543660283088684,,-0.9760415554046631,,-0.9913501739501953,,-0.9995441436767578,,-0.9975907206535339,,-0.9877300262451172,,-0.9785014390945435,,-0.9695313572883606,,-0.9631937742233276,,-0.9619847536087036,,-0.9674037098884583,,-0.9738386273384094,,-0.9753504991531372,,-0.9700480699539185,,-0.9605914354324341,,-0.9519498944282532,,-0.9469805955886841,,-0.9448181986808777,,-0.947576105594635,,-0.9501960277557373,,-0.9524380564689636,,-0.944939374923706,,-0.9348431825637817,,-0.9281789660453796,,-0.9288837909698486,,-0.9363483786582947,,-0.9443891644477844,,-0.9454343914985657,,-0.9386224150657654,,-0.9329255223274231,,-0.9330434799194336,,-0.9353167414665222,,-0.9326613545417786,,-0.9248465299606323,,-0.917913556098938,,-0.9205214977264404,,-0.9294148087501526,,-0.9350711107254028,,-0.9319007396697998,,-0.926938533782959,,-0.9253390431404114,,-0.927501380443573,,-0.9310219883918762,,-0.9306314587593079,,-0.9252756237983704,,-0.9218980073928833,,-0.9243382215499878,,-0.9259426593780518,,-0.9224132895469666,,-0.9198037385940552,,-0.9204815626144409,,-0.9234573245048523,,-0.9233991503715515,,-0.9227809906005859,,-0.9249380230903625,,-0.925294041633606,,-0.9259917736053467,,-0.9246850609779358,,-0.9254369735717773,,-0.9229205250740051,,-0.9203120470046997,,-0.920642077922821,,-0.9251241683959961,,-0.9245535135269165,,-0.9191665649414062,,-0.9162835478782654,,-0.9214946031570435,,-0.9253506064414978,,-0.9213116765022278,,-0.9176579713821411,,-0.9226033091545105,,-0.9254913330078125,,-0.9217278361320496,,-0.9186259508132935,,-0.9232314825057983,,-0.9249607920646667,,-0.9195939302444458,,-0.9187154769897461,,-0.9237139821052551,,-0.9235998392105103,,-0.9184508919715881,,-0.9218571782112122,,-0.9261692762374878,,-0.9216538667678833,,-0.9183247089385986,,-0.9232734441757202,,-0.9235493540763855,,-0.9195270538330078,,-0.9202349781990051,,-0.9221208691596985,,-0.9220614433288574,,-0.9200608730316162,,-0.9221131205558777,,-0.9216697216033936,,-0.9202100038528442,,-0.9214019775390625,,-0.922211766242981,,-0.9211532473564148,,-0.9202726483345032,,-0.9229987263679504,,-0.9203916788101196,,-0.9218975901603699,,-0.9211547374725342,,-0.921049952507019,,-0.9223864674568176,,-0.9198159575462341,,-0.9198925495147705,,-0.92091304063797,,-0.9225165843963623,,-0.9201837182044983,,-0.9207587242126465,,-0.9220936298370361,,-0.9200804829597473,,-0.9204024076461792,,-0.9225028157234192,,-0.9219740629196167,,-0.918505072593689,,-0.9226362109184265,,-0.920214831829071,,-0.9203019738197327,,-0.9211056232452393,,-0.920185387134552,,-0.9215612411499023,,-0.9209292531013489,,-0.9196876287460327,,-0.9209567308425903,,-0.9215089082717896,,-0.9198426604270935,,-0.9211603999137878,,-0.9232614636421204,,-0.9167588353157043,,-0.9232091903686523,,-0.9213314056396484,,-0.9174844026565552,,-0.9242010116577148,,-0.9208266735076904,,-0.9191437363624573,,-0.9232239127159119,,-0.9205126762390137,,-0.9227909445762634,,-0.921827495098114,,-0.9226759076118469,,-0.9195235371589661,,-0.9229701161384583,,-0.920342206954956,,-0.9217700958251953,,-0.9226804971694946,,-0.9224717020988464,,-0.922644317150116,,-0.923803448677063,,-0.9251664280891418,,-0.9249590039253235,,-0.9281481504440308,,-0.9282832145690918,,-0.930942952632904,,-0.9360389709472656,,-0.9402325749397278,,-0.9488757252693176,,-0.958268940448761,,-0.9676841497421265,,-0.9806649088859558,,-0.98675137758255,,-0.9567602276802063,,-0.9456480145454407,,-0.9414575695991516,,-0.9467724561691284,,-0.9644486308097839,,-0.971345067024231,,-0.9706595540046692,,-0.9691597819328308,,-0.967463493347168,,-0.9655014872550964,,-0.9647320508956909,,-0.9619330167770386,,-0.9605462551116943,,-0.9637009501457214,,-0.9631115794181824,,-0.9665098190307617,,-0.9697859883308411,,-0.9741228222846985,,-0.9779778122901917,,-0.9819145798683167,,-0.9863559007644653,,-0.9809224009513855,,-0.977841854095459,,-0.9796072244644165,,-0.9833477735519409,,-0.981826663017273,,-0.9766457676887512,,-0.9765219688415527,,-0.9797540307044983,,-0.9808441996574402,,-0.9853581190109253,,-0.9894033670425415,,-0.9900973439216614,,-0.9952053427696228,,-0.9892235994338989,,-0.9858971238136292,,-0.9808403849601746,,-0.9731669425964355,,-0.9723988771438599,,-0.9719578623771667,,-0.9764405488967896,,-0.9807018637657166,,-0.9823670983314514,,-0.9871322512626648,,-0.9834157824516296,,-0.9842222332954407,,-0.9780709147453308,,-0.9721843004226685,,-0.9744366407394409,,-0.9743574857711792,,-0.9760321378707886,,-0.9847924113273621,,-0.9807745218276978,,-0.9821984171867371,,-0.9846856594085693,,-0.9789857268333435,,-0.9762997031211853,,-0.9761286973953247,,-0.9758555293083191,,-0.9773362278938293,,-0.9789135456085205,,-0.9785369634628296,,-0.9797065258026123,,-0.979928731918335,,-0.9813362956047058,,-0.9835293292999268,,-0.9836312532424927,,-0.9798725843429565,,-0.9819412231445312,,-0.9848667979240417,,-0.9846838116645813,,-0.9879056811332703,,-0.9837045073509216,,-0.9858916997909546,,-0.984869658946991,,-0.9816688299179077,,-0.9829018712043762,,-0.9850550889968872,,-0.9841538071632385,,-0.9900562763214111,,-0.988989531993866,,-0.9888834953308105,,-0.9870522618293762,,-0.9823794364929199,,-0.9833192229270935,,-0.9846018552780151,,-0.9849684834480286,,-0.9875162243843079,,-0.9894766807556152,,-0.9857333302497864,,-0.9888367056846619,,-0.9866555333137512,,-0.9851019978523254,,-0.9893521070480347,,-0.9864110946655273,,-0.9871720671653748,,-0.9887675046920776,,-0.985542893409729,,-0.9873622059822083,,-0.9842813611030579,,-0.9809954762458801,,-0.9838987588882446,,-0.9829647541046143,,-0.9817428588867188,,-0.9839123487472534,,-0.983513593673706,,-0.9811303019523621,,-0.9855823516845703,,-0.9837623238563538,,-0.9881443381309509,,-0.9896053671836853,,-0.986235499382019,,-0.9865981936454773,,-0.9887949228286743,,-0.9863930940628052,,-0.9879804849624634,,-0.9891484379768372,,-0.9885568022727966,,-0.9899616241455078,,-0.9886876940727234,,-0.9858611226081848,,-0.9891125559806824,,-0.9883909225463867,,-0.9917090535163879,,-0.9900714159011841,,-0.9893394112586975,,-0.9903376698493958,,-0.9884945750236511,,-0.9861825108528137,,-0.9878997802734375,,-0.9853431582450867,,-0.9901406168937683,,-0.992676854133606,,-0.9938725233078003,,-0.9913330674171448,,-0.9886569976806641,,-0.9829708933830261,,-0.9828698635101318,,-0.9849646687507629,,-0.9868262410163879,,-0.9892876744270325,,-0.9901213049888611,,-0.9886578321456909,,-0.9888264536857605,,-0.9864004254341125,,-0.9882327318191528,,-0.9920235872268677,,-0.9908114671707153,,-0.9887838363647461,,-0.9883020520210266,,-0.9870370030403137,,-0.986580491065979,,-0.9923120141029358,,-0.9913831949234009,,-0.9932263493537903,,-0.9933483600616455,,-0.9881474375724792,,-0.9885994791984558,,-0.9889093637466431,,-0.9882124066352844,,-0.9948366284370422,,-0.9919293522834778,,-0.9945211410522461,,-0.991564154624939,,-0.9886268377304077,,-0.9879981875419617,,-0.9869178533554077,,-0.9890000820159912,,-0.9912864565849304,,-0.991116464138031,,-0.9905415773391724,,-0.9863147735595703,,-0.9882049560546875,,-0.9892857074737549,,-0.9877897500991821,,-0.9918625950813293,,-0.9908129572868347,,-0.9925739765167236,,-0.9924494624137878,,-0.9913544058799744,,-0.9943000674247742,,-0.9903057813644409,,-0.9930143356323242,,-0.9909696578979492,,-0.9916317462921143,,-0.9943438768386841,,-0.9916439056396484,,-0.9920619130134583,,-0.9916998147964478,,-0.9907324910163879,,-0.9911900758743286,,-0.9908480644226074,,-0.9916764497756958,,-0.9920234680175781,,-0.993946373462677,,-0.9940875172615051,,-0.9947845339775085,,-0.991125762462616,,-0.9909107685089111,,-0.9917634129524231,,-0.9897793531417847,,-0.9942873120307922,,-0.9920231699943542,,-0.9911944270133972,,-0.995751678943634,,-0.9893171191215515,,-0.9942015409469604,,-0.9930281639099121,,-0.9913180470466614,,-0.9947083592414856,,-0.9907729625701904,,-0.9937041401863098,,-0.9937254190444946,,-0.9927291870117188,,-0.9936398267745972,,-0.9938144683837891,,-0.9926417469978333,,-0.9943093657493591,,-0.9921267628669739,,-0.9919384717941284,,-0.9926981925964355,,-0.9925606846809387,,-0.99053555727005,,-0.9929636120796204,,-0.9904893040657043,,-0.9944252371788025,,-0.9922968149185181,,-0.9922733306884766,,-0.9942929148674011,,-0.9905493855476379,,-0.9920055866241455,,-0.9923270344734192,,-0.9924126863479614,,-0.993637204170227,,-0.9918515086174011,,-0.9931652545928955,,-0.9922001957893372,,-0.9911729097366333,,-0.9906750917434692,,-0.9911121726036072,,-0.9922131299972534,,-0.9942418932914734,,-0.993242084980011,,-0.9934295415878296,,-0.9879456758499146,,-0.9859533309936523,,-0.9892744421958923,,-0.9920396208763123,,-0.9946274161338806,,-0.9925056099891663,,-0.9911726117134094,,-0.9938076734542847,,
train/actor_loss,wall_time,,,,,,,,,,,,,,,,,,,,,,,,,,,,,,,,,,,,,,,,,,,,,,,,,,,,,,,,,,,,,,,,,,,,,,,,,,,,,,,,,,,,,,,,,,,,,,,,,,,,,,,1632452193.2739084,,1632452194.542619,,1632452195.806412,,1632452197.1666389,,1632452198.3868327,,1632452199.7509274,,1632452201.1201272,,1632452202.3813863,,1632452203.6377032,,1632452205.079687,,1632452206.3582704,,1632452207.6938446,,1632452209.042895,,1632452210.504923,,1632452211.887137,,1632452213.2003722,,1632452214.5304606,,1632452215.7570882,,1632452217.2238297,,1632452218.4570596,,1632452219.8044136,,1632452221.3507204,,1632452222.6924264,,1632452223.9745643,,1632452225.2939343,,1632452226.4124146,,1632452227.423723,,1632452228.5095015,,1632452229.6045718,,1632452230.8808987,,1632452232.2203412,,1632452233.4709766,,1632452234.726352,,1632452236.0053682,,1632452237.071208,,1632452238.2456384,,1632452239.3264792,,1632452240.3866327,,1632452241.5389173,,1632452242.6799262,,1632452243.9002552,,1632452245.2801235,,1632452246.604688,,1632452247.8990843,,1632452249.054175,,1632452250.1273367,,1632452251.3737168,,1632452252.6749299,,1632452253.8420694,,1632452254.9052384,,1632452256.150085,,1632452257.3124576,,1632452258.475523,,1632452259.6665912,,1632452260.7221837,,1632452261.9318233,,1632452263.2508814,,1632452264.4541435,,1632452265.5195923,,1632452266.7562962,,1632452268.0490875,,1632452269.111524,,1632452270.311001,,1632452271.7144868,,1632452272.9292107,,1632452274.199129,,1632452275.5289195,,1632452276.6886165,,1632452277.9020164,,1632452279.1238458,,1632452280.2902014,,1632452281.5176756,,1632452282.6353874,,1632452283.915099,,1632452285.343669,,1632452286.6969278,,1632452287.8638604,,1632452289.0746534,,1632452290.3696213,,1632452291.5867746,,1632452292.7678719,,1632452294.1709306,,1632452295.5478964,,1632452296.8172162,,1632452298.1671588,,1632452299.1964855,,1632452300.7667315,,1632452302.092009,,1632452303.505294,,1632452304.9135897,,1632452306.2922416,,1632452307.6613934,,1632452308.8843951,,1632452310.1853633,,1632452311.470556,,1632452312.5811875,,1632452313.8604274,,1632452315.2281702,,1632452316.610338,,1632452317.8785,,1632452319.1701045,,1632452320.3444912,,1632452321.8507514,,1632452323.13975,,1632452324.3067377,,1632452325.570086,,1632452326.9313877,,1632452328.1708844,,1632452329.5764108,,1632452330.940054,,1632452332.3188167,,1632452333.664141,,1632452334.8619318,,1632452336.1927705,,1632452337.4221818,,1632452338.840207,,1632452340.1116111,,1632452341.2500072,,1632452342.5469017,,1632452343.793003,,1632452345.015114,,1632452346.260401,,1632452347.35207,,1632452348.528978,,1632452349.6048934,,1632452350.6798587,,1632452351.8533933,,1632452352.9669256,,1632452354.0370553,,1632452355.192045,,1632452356.3332348,,1632452357.493689,,1632452358.5347621,,1632452359.573928,,1632452360.654911,,1632452361.748018,,1632452362.8574004,,1632452363.9325702,,1632452365.1098065,,1632452366.1353643,,1632452367.1705556,,1632452368.3687422,,1632452369.5310004,,1632452370.6102386,,1632452371.8281958,,1632452373.0496032,,1632452374.117365,,1632452375.2673101,,1632452376.4259682,,1632452377.5255196,,1632452378.5921304,,1632452379.648777,,1632452380.823854,,1632452381.8828354,,1632452382.938697,,1632452383.9889576,,1632452385.0534399,,1632452386.0997171,,1632452387.1396327,,1632452388.2151017,,1632452389.2642674,,1632452390.3124099,,1632452391.4671493,,1632452392.5734842,,1632452393.7171412,,1632452394.76761,,1632452395.8345425,,1632452397.0948079,,1632452398.4081993,,1632452399.6463711,,1632452400.9580402,,1632452402.1686926,,1632452403.5067105,,1632452404.7004511,,1632452406.089726,,1632452407.3929567,,1632452408.6332245,,1632452410.0270119,,1632452411.293956,,1632452412.4983687,,1632452413.8547473,,1632452414.987635,,1632452416.1645799,,1632452417.4474208,,1632452418.8040738,,1632452420.0147955,,1632452421.2896469,,1632452422.5965965,,1632452423.891819,,1632452425.024286,,1632452426.248916,,1632452427.4742556,,1632452428.8612201,,1632452430.035954,,1632452431.3362043,,1632452432.729197,,1632452434.0547416,,1632452435.3418806,,1632452436.5799825,,1632452437.7769237,,1632452439.0509648,,1632452440.41154,,1632452441.7596505,,1632452442.975589,,1632452444.3746724,,1632452445.7210572,,1632452446.9856105,,1632452448.235436,,1632452449.3231115,,1632452450.6526976,,1632452451.9113376,,1632452453.3304808,,1632452454.6332347,,1632452456.0668614,,1632452457.2616189,,1632452458.4763026,,1632452459.7039697,,1632452460.8303976,,1632452462.0381863,,1632452463.2202365,,1632452464.492672,,1632452466.0291588,,1632452467.2914863,,1632452468.547198,,1632452469.9225318,,1632452471.130551,,1632452472.4746609,,1632452473.6313303,,1632452474.9779708,,1632452476.1893098,,1632452477.4722934,,1632452478.6862502,,1632452479.9018347,,1632452481.061798,,1632452482.36321,,1632452483.5853724,,1632452484.8326952,,1632452486.163751,,1632452487.5830116,,1632452488.9088814,,1632452490.0292056,,1632452491.2700107,,1632452492.5409758,,1632452493.984976,,1632452495.1771245,,1632452496.3042245,,1632452497.587445,,1632452498.8139322,,1632452500.1152618,,1632452501.331888,,1632452502.4965243,,1632452503.8524814,,1632452505.113576,,1632452506.3806036,,1632452507.489797,,1632452508.8656318,,1632452510.0673506,,1632452511.374679,,1632452512.6685483,,1632452513.9994054,,1632452515.276776,,1632452516.7534099,,1632452517.811097,,1632452519.119841,,1632452520.4321828,,1632452521.6907947,,1632452522.9263847,,1632452524.3879955,,1632452525.6583734,,1632452527.072369,,1632452528.5340905,,1632452529.7797801,,1632452530.8516452,,1632452532.069702,,1632452533.3400395,,1632452534.5683076,,1632452535.8897552,,1632452537.1885016,,1632452538.49767,,1632452539.7229528,,1632452540.9424896,,1632452542.1246536,,1632452543.5739732,,1632452544.8321948,,1632452545.951421,,1632452547.2168612,,1632452548.380384,,1632452549.6729615,,1632452550.9526784,,1632452552.3087194,,1632452553.5614214,,1632452554.9092739,,1632452556.1441302,,1632452557.3877258,,1632452558.6333039,,1632452559.8166766,,1632452561.068671,,1632452562.529978,,1632452563.8308,,1632452565.1593697,,1632452566.5826578,,1632452568.0073848,,1632452569.5440757,,1632452570.9268253,,1632452572.3481674,,1632452573.7390587,,1632452574.9945242,,1632452576.1929555,,1632452577.4325206,,1632452578.7090921,,1632452579.9837954,,1632452581.339255,,1632452582.6377084,,1632452583.865598,,1632452585.2931392,,1632452586.570523,,1632452587.783622,,1632452588.8801868,,1632452590.1001894,,1632452591.381936,,1632452592.6769183,,1632452593.9872468,,1632452595.2991538,,1632452596.5704234,,1632452597.9267495,,1632452599.0956028,,1632452600.266951,,1632452601.467824,,1632452602.6754775,,1632452604.0749154,,1632452605.4090285,,1632452606.6421535,,1632452607.9869158,,1632452609.0195088,,1632452610.3421977,,1632452611.752435,,1632452613.0380569,,1632452614.5585067,,1632452615.9243536,,1632452616.9842508,,1632452618.142511,,1632452619.3457222,,1632452620.650008,,1632452621.9094381,,1632452623.0593677,,1632452624.1958895,,1632452625.4276206,,1632452626.639953,,1632452627.9554787,,1632452629.288934,,1632452630.623426,,1632452632.0881202,,1632452633.4394426,,1632452634.7370973,,1632452635.9719856,,1632452637.1462877,,1632452638.4262035,,1632452639.660061,,1632452640.9169655,,1632452642.153452,,1632452643.3746037,,1632452644.4764593,,1632452645.6901815,,1632452646.9130833,,1632452648.2723408,,1632452649.5381918,,1632452650.8305173,,1632452651.9475536,,1632452653.1112964,,1632452654.3419995,,1632452655.71044,,1632452656.8111465,,1632452657.9932091,,1632452659.2937496,,1632452660.4383152,,1632452661.6966496,,1632452662.8856835,,1632452664.140856,,1632452665.402613,,1632452666.6368945,,1632452667.8915308,,1632452669.0720077,,1632452670.340648,,1632452671.5248442,,1632452672.7815025,,1632452674.1240509,,1632452675.4733815,,1632452676.6328347,,1632452677.9478953,,1632452679.4116552,,1632452680.8046958,,1632452682.086048,,1632452683.263268,,1632452684.3810196,,1632452685.4602346,,1632452686.7488568,,1632452687.9540303,,1632452689.3536973,,1632452690.6820173,,1632452691.9267051,,1632452693.2019503,,1632452694.5826757,,1632452695.9499962,,1632452697.2137332,,1632452698.6444397,,1632452700.02604,,1632452701.2974312,,1632452702.6174521,,1632452703.8430607,,1632452705.0572903,,1632452706.2470725,,1632452707.696745,,1632452709.1091256,,1632452710.377783,,1632452711.6928363,,1632452713.0404427,,1632452714.2482586,,1632452715.4135208,,1632452716.7767162,,1632452718.0146663,,1632452719.39616,,1632452720.5343733,,1632452721.7931855,,1632452722.9483755,,1632452724.2797308,,1632452725.6849713,,1632452727.0285304,,1632452728.2840698,,1632452729.5070274,,1632452730.763948,,1632452732.0734591,,1632452733.2767086,,1632452734.6290898,,1632452735.882702,,1632452737.39308,,1632452738.5997634,,1632452739.9589963,,1632452741.3236597,,1632452742.720742,,1632452744.0219135,,1632452745.3297222,,1632452746.5530102,,1632452747.79846,,1632452749.0120234,,1632452750.334693,,1632452751.6905618,,1632452753.0285075,,1632452754.371604,,1632452755.697709,,
